Total,One or more types of computing devices,Desktop/laptop,Only Desktop/laptop,Smartphone,Only Smartphone,Tablet/portable,Only Tablet/portable,Other computing device,Only other,No computer,>10K,> $10k With Internet subscription ,> $10k!!Without an Internet subscription,Total!!$10k to $19.9k,$10k to $19.9k!!With Internet subscription ,$10k to  $19.9k!!Without an Internet subscription,"$20,000 to $34,999",$20k to $34.9k!!With Internet subscription,$20k to $34.9k!!Without an Internet subscription,"$35,000 to $49,999",$35k to $49.9k!!With Internet subscription,$35k to $49.9k!!Without an Internet subscription,$50k to $74.9k,"$50k to $74,999!!With Internet subscription",$50k to $74..9k!!Without an Internet subscription,>$75k ,>$75k!!With Internet subscription ,">$75,000!!Without an Internet subscription",id,Geographic Area Name
83501,77443,62729,4403,70185,9358,53266,1100,1184,0,6058,4888,3418,1470,5600,3893,1707,15150,12249,2901,10925,9207,1718,16323,13211,3112,30615,29089,1526,1003,"Baldwin County, Alabama"
44264,38768,30768,3054,32921,3865,25422,1164,1225,82,5496,4247,2831,1416,5799,3329,2470,8027,5543,2484,4925,3431,1494,7960,7563,397,13306,11647,1659,1015,"Calhoun County, Alabama"
30323,26269,19117,654,24088,3948,17024,689,447,48,4054,2104,1026,1078,3831,2994,837,5895,4176,1719,4939,4153,786,5050,4470,580,8504,7684,820,1043,"Cullman County, Alabama"
26462,22675,15879,1440,20442,4172,13094,306,250,0,3787,2714,1864,850,4073,1989,2084,5914,3955,1959,3130,2803,327,4147,3891,256,6484,6144,340,1049,"DeKalb County, Alabama"
30155,26120,21528,599,24958,2809,19449,313,717,0,4035,1911,1166,745,3171,1742,1429,3733,2486,1247,3339,2953,386,6504,5863,641,11497,10562,935,1051,"Elmore County, Alabama"
38625,34041,23824,1682,30802,6626,18929,403,673,171,4584,2174,1410,764,4553,3294,1259,8650,6620,2030,5385,4043,1342,5756,5004,752,12107,11214,893,1055,"Etowah County, Alabama"
38861,31815,24932,3843,27072,4870,18327,344,720,22,7046,3495,1520,1975,5058,2650,2408,6093,3973,2120,5306,4226,1080,6623,5525,1098,12286,11118,1168,1069,"Houston County, Alabama"
255940,228104,182830,7648,211652,27675,148073,2633,4549,0,27836,21288,13228,8060,26647,16376,10271,37175,26783,10392,30291,26102,4189,44787,40811,3976,95752,90433,5319,1073,"Jefferson County, Alabama"
38670,33173,26145,2465,29423,4884,19788,594,946,0,5497,2569,1595,974,4563,2694,1869,5901,3252,2649,6634,5056,1578,7266,6443,823,11737,10399,1338,1077,"Lauderdale County, Alabama"
59336,54953,46742,1720,52100,3724,40170,457,1500,0,4383,8077,4407,3670,6740,5058,1682,9588,7045,2543,6427,5131,1296,7445,6860,585,21059,20132,927,1081,"Lee County, Alabama"
32333,29448,24010,997,26811,2369,22155,321,996,0,2885,1378,915,463,3608,1458,2150,4428,3409,1019,3644,2889,755,5449,4949,500,13826,12888,938,1083,"Limestone County, Alabama"
152723,142330,123026,5721,132790,10673,97662,1567,3493,0,10393,9579,6982,2597,13288,8893,4395,19614,15763,3851,18897,16178,2719,27302,25329,1973,64043,61406,2637,1089,"Madison County, Alabama"
36022,31983,23158,1282,29609,6274,19446,251,565,0,4039,3193,1725,1468,4249,2819,1430,6548,5370,1178,4456,3914,542,6863,6201,662,10713,9934,779,1095,"Marshall County, Alabama"
158627,139806,98921,5796,129208,30024,74175,1777,2040,0,18821,15072,9319,5753,23543,12932,10611,26398,20026,6372,22871,18246,4625,27288,24139,3149,43455,41159,2296,1097,"Mobile County, Alabama"
87553,77480,57320,2629,71689,13054,51892,1114,1901,29,10073,8962,4346,4616,10969,6848,4121,11754,9401,2353,12102,10386,1716,14643,13585,1058,29123,27568,1555,1101,"Montgomery County, Alabama"
45851,39562,33452,2728,36028,3880,26860,243,1453,0,6289,2613,1605,1008,4970,3120,1850,7678,5609,2069,6343,4661,1682,8116,6767,1349,16131,15188,943,1103,"Morgan County, Alabama"
30765,27064,22292,2325,23331,1724,19586,358,408,0,3701,1522,585,937,2944,1694,1250,5160,3436,1724,3813,3503,310,6679,6032,647,10647,10500,147,1115,"St. Clair County, Alabama"
80944,77041,65403,1715,73297,6998,58702,444,3310,0,3903,4084,3435,649,5817,2898,2919,7716,5909,1807,10575,9427,1148,13433,12606,827,39319,38656,663,1117,"Shelby County, Alabama"
31219,26614,20191,1601,24141,3832,17586,361,298,0,4605,3915,2754,1161,4955,2856,2099,4793,4073,720,4177,3606,571,5534,4793,741,7845,7392,453,1121,"Talladega County, Alabama"
74053,66782,51504,2904,62290,10249,41261,794,2049,0,7271,7715,5168,2547,6416,4110,2306,11201,8609,2592,8886,7017,1869,13036,10798,2238,26799,25285,1514,1125,"Tuscaloosa County, Alabama"
24870,20611,14556,1057,19077,4079,12026,202,684,0,4259,2261,1201,1060,3536,2254,1282,3936,2679,1257,3218,2209,1009,3885,3330,555,8034,7642,392,1127,"Walker County, Alabama"
105285,102774,88842,2062,98712,9389,74593,478,5720,0,2511,3318,1979,1339,5562,4274,1288,7853,6964,889,10470,8835,1635,20686,18782,1904,57396,55882,1514,2020,"Anchorage Municipality, Alaska"
36378,35386,30985,1717,32903,2706,24828,306,1528,0,992,1281,1199,82,1812,917,895,3608,3206,402,4104,3384,720,7235,6816,419,18338,17258,1080,2090,"Fairbanks North Star Borough, Alaska"
32198,30574,26787,1551,28389,2543,21397,100,889,0,1624,2320,1635,685,2529,1492,1037,3417,2775,642,3080,2626,454,5103,4664,439,15749,15062,687,2170,"Matanuska-Susitna Borough, Alaska"
21936,11613,8410,962,9774,2190,6274,350,552,0,10323,5526,871,4655,2848,647,2201,3498,657,2841,3333,1360,1973,3277,2036,1241,3454,2178,1276,4001,"Apache County, Arizona"
49751,44638,39402,2766,39741,3251,28502,646,786,16,5113,3826,1916,1910,6172,4042,2130,7575,5707,1868,6906,5607,1299,9787,9231,556,15485,15113,372,4003,"Cochise County, Arizona"
47275,44044,37624,2278,41047,4294,28621,49,859,0,3231,3207,1594,1613,3901,2964,937,5630,4263,1367,5715,4174,1541,10646,8362,2284,18176,17047,1129,4005,"Coconino County, Arizona"
1582464,1500214,1307207,57746,1404488,123641,1054893,9249,50242,355,82250,77401,54760,22641,106658,74968,31690,209191,166066,43125,201569,176710,24859,294025,268400,25625,693620,666888,26732,4013,"Maricopa County, Arizona"
90270,80602,67373,7901,68707,8902,47503,1142,1872,0,9668,7472,5287,2185,10613,6972,3641,17062,13790,3272,13932,11871,2061,19240,16451,2789,21951,20669,1282,4015,"Mohave County, Arizona"
34285,27048,20566,1474,24256,4647,15312,178,918,0,7237,4685,1581,3104,4272,2210,2062,5877,3540,2337,5481,3469,2012,6101,4659,1442,7869,6573,1296,4017,"Navajo County, Arizona"
402323,376840,316529,16702,346286,36809,253126,3764,7610,25,25483,28808,18589,10219,38939,27671,11268,59376,47461,11915,61243,53747,7496,77015,71777,5238,136942,132043,4899,4019,"Pima County, Arizona"
147936,138369,121272,6354,126346,9748,100798,1281,4898,0,9567,8490,5443,3047,9129,6066,3063,22792,17356,5436,19614,16966,2648,34474,31019,3455,53437,51787,1650,4021,"Pinal County, Arizona"
100836,92633,77780,6783,80795,8801,58860,1009,2732,0,8203,5256,3886,1370,12819,7909,4910,18130,14358,3772,15904,13577,2327,19982,18173,1809,28745,27378,1367,4025,"Yavapai County, Arizona"
74532,66552,53466,3024,60541,7597,43287,743,1927,0,7980,6122,3725,2397,8025,4993,3032,16093,11538,4555,10489,9018,1471,13346,11771,1575,20457,18745,1712,4027,"Yuma County, Arizona"
100128,94182,81112,3187,89237,8782,68677,512,1475,0,5946,2705,1806,899,6618,3578,3040,12504,8615,3889,13302,10719,2583,18973,15516,3457,46026,43981,2045,5007,"Benton County, Arkansas"
42631,39087,30722,2333,35618,5574,23771,331,400,0,3544,3789,2152,1637,4772,2823,1949,8113,5988,2125,6318,4753,1565,7706,7203,503,11933,11089,844,5031,"Craighead County, Arkansas"
43701,39629,34115,1701,36389,3323,31032,499,655,103,4072,3837,2039,1798,4263,3083,1180,7483,5041,2442,5849,4394,1455,6899,6380,519,15370,14394,976,5045,"Faulkner County, Arkansas"
40407,37110,27877,1737,34146,5411,22510,480,492,0,3297,3797,2703,1094,3888,2470,1418,8103,5660,2443,5937,5621,316,7930,6573,1357,10752,10081,671,5051,"Garland County, Arkansas"
25689,22166,13304,663,21133,6196,11292,205,476,0,3523,2810,1587,1223,3284,1947,1337,6551,3917,2634,3003,2145,858,3984,2847,1137,6057,5127,930,5069,"Jefferson County, Arkansas"
28132,25624,19720,796,24229,3868,17401,173,676,0,2508,1106,507,599,3340,2228,1112,4647,3405,1242,4331,3995,336,5279,4537,742,9429,9094,335,5085,"Lonoke County, Arkansas"
157678,143655,112748,4907,134884,21228,84586,1228,2660,60,14023,12603,6546,6057,16353,9549,6804,25511,18900,6611,25120,20664,4456,23880,21572,2308,54211,50643,3568,5119,"Pulaski County, Arkansas"
43496,40809,32942,1374,38894,4852,27203,57,721,0,2687,2622,1401,1221,2739,983,1756,5264,4473,791,6638,6012,626,8318,7508,810,17915,16779,1136,5125,"Saline County, Arkansas"
51739,47160,33589,1477,44020,8071,29780,829,1282,0,4579,3099,2218,881,6199,4132,2067,10678,7470,3208,7960,6264,1696,8680,7732,948,15123,13811,1312,5131,"Sebastian County, Arkansas"
90001,84136,70653,2985,79578,9546,52198,288,1228,0,5865,7283,4443,2840,9237,6713,2524,13718,9255,4463,14326,12219,2107,17112,14395,2717,28325,26520,1805,5143,"Washington County, Arkansas"
29577,25602,19561,2050,23093,4747,14264,113,398,0,3975,2667,1291,1376,3942,2161,1781,5647,3760,1887,4385,3601,784,5324,4914,410,7612,7472,140,5145,"White County, Arkansas"
575410,549040,504098,16100,521395,26215,413448,3153,44015,138,26370,24297,17039,7258,30240,20763,9477,45760,36232,9528,43093,36197,6896,75744,69046,6698,356276,347576,8700,6001,"Alameda County, California"
88636,83087,71638,5251,73977,7276,55453,1125,1771,0,5549,5928,4683,1245,11394,7479,3915,14458,12323,2135,11353,9840,1513,14598,13493,1105,30905,29650,1255,6007,"Butte County, California"
396133,380012,342255,11527,359390,19822,293344,2450,11258,38,16121,12542,9804,2738,19757,13707,6050,30216,25028,5188,33193,29680,3513,49744,45671,4073,250681,243849,6832,6013,"Contra Costa County, California"
72774,69132,63043,3829,62886,3622,47131,768,2374,0,3642,3406,2790,616,4105,2715,1390,7712,6156,1556,6092,5415,677,10848,9685,1163,40611,38855,1756,6017,"El Dorado County, California"
309519,279866,216263,9222,262049,42240,176478,3481,10506,60,29653,20872,13235,7637,33401,19001,14400,51728,38449,13279,41520,33727,7793,53981,47522,6459,108017,100054,7963,6019,"Fresno County, California"
55773,52300,42756,3454,45913,3671,32196,1485,6252,0,3473,3235,2682,553,7659,5209,2450,9676,8548,1128,7100,5728,1372,11658,10997,661,16445,15493,952,6023,"Humboldt County, California"
41764,38640,28583,1357,35797,5340,26360,616,1451,0,3124,3998,3210,788,5885,3760,2125,5662,4636,1026,5571,5171,400,7105,6426,679,13543,12786,757,6025,"Imperial County, California"
273167,251273,194748,8279,236365,40040,146794,2842,5201,44,21894,21121,13214,7907,30161,19681,10480,44237,33832,10405,36733,31215,5518,47482,43282,4200,93433,89387,4046,6029,"Kern County, California"
43727,40173,31968,1160,37694,4565,27016,505,595,0,3554,2901,1901,1000,3084,1636,1448,5349,4365,984,5671,4782,889,10238,8730,1508,16484,15356,1128,6031,"Kings County, California"
26774,24036,19321,1718,21540,2983,14488,355,491,0,2738,1584,1258,326,3144,2409,735,4749,3190,1559,4198,3236,962,5264,3908,1356,7835,7214,621,6033,"Lake County, California"
3313908,3094720,2659755,99419,2933995,282567,2065080,18124,110202,662,219188,198451,130382,68069,282223,175665,106558,399656,308872,90784,370725,315148,55577,537381,483432,53949,1525472,1454293,71179,6037,"Los Angeles County, California"
44484,40738,31689,2165,37465,5342,26010,368,1166,0,3746,2315,1337,978,4478,3420,1058,5595,4632,963,7284,6662,622,9685,8459,1226,15127,14438,689,6039,"Madera County, California"
104954,101622,96467,4662,94535,2258,78012,733,3421,0,3332,3381,3224,157,4936,3480,1456,5875,4840,1035,7027,6380,647,11540,10605,935,72195,70365,1830,6041,"Marin County, California"
33794,30311,25288,2502,26386,2738,17844,365,453,0,3483,1447,1027,420,4963,3912,1051,4817,3756,1061,5014,4150,864,7239,6311,928,10314,9668,646,6045,"Mendocino County, California"
79487,73109,54396,2531,69282,12223,45679,274,2663,0,6378,5086,3999,1087,7877,5435,2442,12401,10315,2086,9899,8608,1291,14350,13666,684,29874,27894,1980,6047,"Merced County, California"
126299,118675,92757,4293,111411,21468,60896,345,2496,35,7624,4412,3548,864,8180,5594,2586,15518,12098,3420,14379,12107,2272,24000,20653,3347,59810,56498,3312,6053,"Monterey County, California"
47315,44730,40103,2256,40794,2238,31541,373,1381,0,2585,1543,1185,358,2374,1897,477,5177,3873,1304,3974,3461,513,7511,6917,594,26736,26155,581,6055,"Napa County, California"
41447,38969,35502,2623,34330,1623,28040,350,1561,0,2478,1920,1374,546,4201,2574,1627,5031,4141,890,5229,4934,295,5939,5451,488,19127,18118,1009,6057,"Nevada County, California"
1040394,1000857,909008,28913,948574,52025,754819,5839,35868,45,39537,47197,37682,9515,54746,39881,14865,93970,76935,17035,91982,83349,8633,152435,141033,11402,600064,580825,19239,6059,"Orange County, California"
144691,138946,130081,5815,130357,4341,108607,612,6143,0,5745,5754,3943,1811,7995,5253,2742,16466,12645,3821,12360,10847,1513,20294,19109,1185,81822,79549,2273,6061,"Placer County, California"
728103,687688,587572,27005,642717,57903,493675,5561,19979,255,40415,42146,32563,9583,57285,42439,14846,96928,77169,19759,82796,74006,8790,124204,113048,11156,324744,309437,15307,6065,"Riverside County, California"
543560,518300,458995,17987,487567,36421,374655,3158,27046,151,25260,28891,22069,6822,44645,32238,12407,62840,50985,11855,62056,56387,5669,92332,87283,5049,252796,244048,8748,6067,"Sacramento County, California"
638647,604937,497069,19851,569660,63675,422422,5233,15117,144,33710,33089,22407,10682,55286,35425,19861,84385,64268,20117,74761,62684,12077,117125,103942,13183,274001,261186,12815,6071,"San Bernardino County, California"
1130911,1086855,973980,32473,1028940,63685,788461,7889,31556,142,44056,48592,39605,8987,72645,52135,20510,119013,100852,18161,119170,107956,11214,181317,170297,11020,590174,573302,16872,6073,"San Diego County, California"
362827,340536,311468,9572,324767,20248,250112,2122,21583,104,22291,19249,12355,6894,25750,14202,11548,29312,21928,7384,23032,19352,3680,36650,33268,3382,228834,222722,6112,6075,"San Francisco County, California"
231917,217678,171939,6445,204624,21890,156850,2001,4789,32,14239,10934,6647,4287,20334,13050,7284,30953,22972,7981,27838,23266,4572,41781,36830,4951,100077,95228,4849,6077,"San Joaquin County, California"
106198,99874,88815,4543,91849,7642,66627,826,2478,67,6324,6829,5401,1428,6105,4951,1154,11240,9121,2119,11689,9774,1915,19442,17024,2418,50893,48293,2600,6079,"San Luis Obispo County, California"
259654,250464,232961,7274,237815,11101,199430,988,10734,198,9190,8435,6553,1882,12076,8479,3597,16512,12739,3773,13735,12310,1425,26556,24166,2390,182340,176159,6181,6081,"San Mateo County, California"
146224,138374,121189,5732,128538,9852,100514,769,3200,22,7850,7190,5539,1651,8719,4721,3998,16589,14566,2023,14556,13127,1429,23857,22121,1736,75313,72333,2980,6083,"Santa Barbara County, California"
645108,623546,579756,16692,593499,24176,492916,3934,25822,234,21562,20362,16335,4027,28333,18914,9419,41393,34135,7258,40254,35890,4364,68824,63464,5360,445942,435541,10401,6085,"Santa Clara County, California"
94994,89378,81041,4059,82515,4042,63825,1190,2813,42,5616,5046,3176,1870,5956,3725,2231,9420,6884,2536,8968,7817,1151,12895,11448,1447,52709,51040,1669,6087,"Santa Cruz County, California"
68198,63143,51914,3822,56416,5422,41536,742,1485,0,5055,5001,3475,1526,6820,4982,1838,9335,6809,2526,9535,7986,1549,12403,11779,624,25104,24069,1035,6089,"Shasta County, California"
152291,145529,127734,5073,137107,11790,92083,808,3698,55,6762,6082,4722,1360,7176,5251,1925,10755,9418,1337,15821,14224,1597,26591,25279,1312,85866,83260,2606,6095,"Solano County, California"
187434,179720,160906,10106,163001,9084,129905,2419,4406,0,7714,7467,5609,1858,11699,9029,2670,18615,15708,2907,19491,17775,1716,29303,27226,2077,100859,98993,1866,6097,"Sonoma County, California"
175171,162869,129143,6099,151663,19504,108609,1877,4563,149,12302,9012,5778,3234,17112,10756,6356,24171,19335,4836,22344,19276,3068,34011,31519,2492,68521,66119,2402,6099,"Stanislaus County, California"
31989,29191,24057,1019,26972,3403,19455,170,1051,0,2798,1731,1040,691,2366,1578,788,4932,3942,990,4336,3184,1152,6032,5656,376,12592,11915,677,6101,"Sutter County, California"
139197,122672,84751,4040,115080,25906,70445,1106,2205,0,16525,11462,7336,4126,16463,9733,6730,23485,16228,7257,19519,15093,4426,23799,21123,2676,44469,41493,2976,6107,"Tulare County, California"
271980,254813,226920,10441,237189,13438,192006,2043,33857,0,17167,9811,7675,2136,14796,9475,5321,25985,19943,6042,29478,25208,4270,38372,35585,2787,153538,146010,7528,6111,"Ventura County, California"
74428,70734,62928,3129,66219,4003,49973,455,1979,0,3694,5961,5057,904,5258,4071,1187,10256,7798,2458,7439,6241,1198,11230,10451,779,34284,33871,413,6113,"Yolo County, California"
26191,22746,18045,1157,20364,3228,13687,388,519,0,3445,1265,618,647,3288,1658,1630,4118,3100,1018,4933,2816,2117,3529,2886,643,9058,8799,259,6115,"Yuba County, California"
168361,158905,133894,6979,148482,15174,109532,1242,3807,142,9456,6769,4692,2077,8772,5818,2954,18551,15317,3234,22655,18971,3684,33935,29740,4195,77679,73623,4056,8001,"Adams County, Colorado"
242141,232126,206476,8609,216878,16495,164450,1727,5592,0,10015,10219,7879,2340,12729,8363,4366,25365,22075,3290,30320,27597,2723,39118,36621,2497,124390,120809,3581,8005,"Arapahoe County, Colorado"
128295,123421,115072,5359,115226,4566,90900,708,3383,53,4874,8950,7825,1125,6988,5269,1719,12449,9979,2470,11498,10030,1468,18190,17184,1006,70220,67948,2272,8013,"Boulder County, Colorado"
28530,27966,26071,331,27395,1124,22477,0,761,0,564,530,462,68,796,730,66,2133,2004,129,3104,2180,924,5344,5034,310,16623,16157,466,8014,"Broomfield County, Colorado"
310324,294918,262698,9412,279229,21390,200052,1339,7471,104,15406,18752,13302,5450,22693,15635,7058,37352,30600,6752,33907,28946,4961,55438,49987,5451,142182,137800,4382,8031,"Denver County, Colorado"
125035,122857,118472,2568,117729,1996,103263,541,3802,78,2178,1697,1519,178,2892,2449,443,6832,6299,533,7179,6537,642,15648,14857,791,90787,89306,1481,8035,"Douglas County, Colorado"
260851,247781,223251,9006,232495,16592,179897,1232,6601,114,13070,12290,9282,3008,15888,11859,4029,33930,28130,5800,31272,28826,2446,49491,47752,1739,117980,115181,2799,8041,"El Paso County, Colorado"
233272,219964,200737,9050,203333,10773,155436,1732,5416,161,13308,8397,6123,2274,12499,8054,4445,19964,15806,4158,24003,21949,2054,37177,33139,4038,131232,128605,2627,8059,"Jefferson County, Colorado"
139382,133801,123300,4207,125987,4773,100739,1184,4260,0,5581,6536,5041,1495,8047,5694,2353,15762,12917,2845,15892,14153,1739,27268,25005,2263,65877,63803,2074,8069,"Larimer County, Colorado"
61848,56995,48177,3380,50481,5663,37166,654,1149,0,4853,4358,3224,1134,7380,4098,3282,8652,7155,1497,10634,8960,1674,9445,8911,534,21379,20324,1055,8077,"Mesa County, Colorado"
64954,57916,45062,3797,51103,8511,35820,833,1331,0,7038,6259,3680,2579,7861,4350,3511,10582,7785,2797,8793,7123,1670,12443,10483,1960,19016,18243,773,8101,"Pueblo County, Colorado"
107929,102751,89105,3713,95876,8123,75394,1020,2397,0,5178,4646,3206,1440,6666,4773,1893,11396,9522,1874,11786,10033,1753,18333,16488,1845,55102,53334,1768,8123,"Weld County, Colorado"
345634,325221,288112,12419,300928,20366,243502,3420,10799,0,20413,18769,12690,6079,19619,12939,6680,32681,25635,7046,31092,27209,3883,45840,42478,3362,197633,192851,4782,9001,"Fairfield County, Connecticut"
348049,320183,271553,14596,293271,28441,226637,3531,7682,80,27866,19701,11094,8607,27363,18204,9159,41785,30130,11655,35541,28343,7198,52604,47476,5128,171055,164961,6094,9003,"Hartford County, Connecticut"
73598,67520,59851,5055,59092,3768,46620,1039,1815,0,6078,2494,1825,669,4760,2636,2124,10024,7211,2813,6745,5792,953,12339,10458,1881,37236,35560,1676,9005,"Litchfield County, Connecticut"
66983,62516,55933,3337,57216,3274,42018,567,1444,0,4467,2375,1125,1250,3386,2395,991,6980,5468,1512,6235,5078,1157,9848,8801,1047,38159,36568,1591,9007,"Middlesex County, Connecticut"
335539,303843,255655,15330,275425,30239,201689,4323,6438,75,31696,19516,11838,7678,29491,17304,12187,39939,28299,11640,38000,30409,7591,55156,48777,6379,153437,146354,7083,9009,"New Haven County, Connecticut"
108098,100040,87133,6654,88821,8041,67209,1022,2792,9,8058,4887,3495,1392,8826,4881,3945,11307,8843,2464,11751,9992,1759,21569,20144,1425,49758,48527,1231,9011,"New London County, Connecticut"
55619,52027,47593,2906,46924,2091,36999,544,1548,0,3592,2407,1482,925,3460,2222,1238,4425,3570,855,4309,3659,650,6933,5731,1202,34085,32343,1742,9013,"Tolland County, Connecticut"
44571,40500,34171,1932,36138,2660,28925,730,507,0,4071,3043,2317,726,3638,2271,1367,4449,2936,1513,4972,4039,933,9629,8731,898,18840,17474,1366,9015,"Windham County, Connecticut"
67841,60595,49129,3022,55219,6238,40853,711,1587,0,7246,4298,3334,964,5869,4096,1773,11927,9062,2865,8829,7028,1801,13025,12267,758,23893,22578,1315,10001,"Kent County, Delaware"
206351,196008,154555,8261,181305,22111,127006,2197,4796,0,10343,13654,10366,3288,12118,10166,1952,27233,22531,4702,21849,19650,2199,34829,32268,2561,96668,93919,2749,10003,"New Castle County, Delaware"
93479,84814,71736,5935,75321,7244,57326,815,2648,6,8665,4088,2351,1737,8735,5722,3013,13621,10295,3326,11690,9034,2656,19186,17465,1721,36159,33547,2612,10005,"Sussex County, Delaware"
287476,266613,230574,6223,253586,23099,186192,2664,7322,0,20863,26780,16276,10504,20957,12686,8271,24937,18865,6072,22441,17920,4521,35032,31465,3567,157329,150532,6797,11001,"District of Columbia, District of Columbia"
97782,93407,84307,2718,87999,5777,60006,1047,2285,0,4375,12125,8545,3580,9834,7510,2324,13759,10677,3082,11490,9679,1811,16590,15358,1232,33984,33216,768,12001,"Alachua County, Florida"
73856,68037,59104,3584,61328,5085,48067,474,1823,62,5819,3966,2785,1181,6951,4566,2385,9222,7437,1785,14797,13125,1672,15007,13820,1187,23913,23008,905,12005,"Bay County, Florida"
226363,209537,191261,13728,189435,11216,146681,1720,4490,0,16826,11963,8939,3024,21678,15004,6674,32943,26979,5964,30565,28533,2032,41975,38140,3835,87239,84374,2865,12009,"Brevard County, Florida"
694980,655599,568484,22383,616532,54284,446641,4777,27568,224,39381,46782,33289,13493,61252,44875,16377,98276,78108,20168,96196,83214,12982,123802,112100,11702,268672,251326,17346,12011,"Broward County, Florida"
74975,67947,59858,4480,59679,4302,46822,531,1664,84,7028,3927,2439,1488,8153,5173,2980,10452,8530,1922,12323,10637,1686,17180,15849,1331,22940,22169,771,12015,"Charlotte County, Florida"
62293,57105,48393,7108,46134,4682,35198,1189,1125,0,5188,5691,3600,2091,8445,5349,3096,12934,10639,2295,11595,9965,1630,11902,10831,1071,11726,11118,608,12017,"Citrus County, Florida"
75958,73268,64658,3448,67508,6176,52465,393,1877,93,2690,3111,2729,382,4976,3658,1318,11827,11020,807,9455,8281,1174,16034,15252,782,30555,29529,1026,12019,"Clay County, Florida"
144172,134294,116323,7996,119594,9845,91723,1561,5560,71,9878,4722,2760,1962,10388,7158,3230,18336,14722,3614,18887,16096,2791,24528,21788,2740,67311,62815,4496,12021,"Collier County, Florida"
25678,24000,18876,1435,21567,3215,15912,573,499,0,1678,1665,978,687,3166,1974,1192,4276,2945,1331,4130,3545,585,4611,3861,750,7830,7270,560,12023,"Columbia County, Florida"
367238,342926,282083,14725,319945,46170,208979,1711,20642,76,24312,23112,17118,5994,34215,23998,10217,54681,45416,9265,51636,45099,6537,73307,68137,5170,130287,124017,6270,12031,"Duval County, Florida"
118820,109334,95368,5983,99780,8304,70700,935,1934,0,9486,8011,5400,2611,8770,5871,2899,20644,15185,5459,20736,16060,4676,22392,20280,2112,38267,36758,1509,12033,"Escambia County, Florida"
41274,36375,31301,3168,31611,2369,24414,376,1190,0,4899,2385,1436,949,3706,2000,1706,5263,3171,2092,5014,3761,1253,8600,7212,1388,16306,13746,2560,12035,"Flagler County, Florida"
76163,71041,64337,6479,60706,3822,49317,711,3557,38,5122,6322,4388,1934,8574,6039,2535,14502,12247,2255,11127,9709,1418,16004,15125,879,19634,18968,666,12053,"Hernando County, Florida"
40573,34959,28685,2830,29817,4088,20652,580,744,0,5614,2459,1523,936,5366,3516,1850,10499,7098,3401,5326,4356,970,7958,7624,334,8965,7922,1043,12055,"Highlands County, Florida"
540142,514288,436693,16229,485628,51901,348871,3774,17732,0,25854,32362,23153,9209,51380,36875,14505,78125,63850,14275,69288,61415,7873,94838,88380,6458,214149,207358,6791,12057,"Hillsborough County, Florida"
57636,51246,46644,4057,41809,2934,33278,308,6283,94,6390,2719,1362,1357,6411,3551,2860,9529,7224,2305,7048,5861,1187,9752,8551,1201,22177,21184,993,12061,"Indian River County, Florida"
136366,127494,109000,7544,114094,10139,92529,1751,2623,0,8872,7741,6078,1663,12419,9027,3392,27165,22138,5027,18089,16504,1585,25080,23680,1400,45872,44502,1370,12069,"Lake County, Florida"
281222,264914,226378,12747,241459,23461,182561,3320,18992,183,16308,17520,12673,4847,26013,16962,9051,41106,34011,7095,40002,35410,4592,54356,49941,4415,102225,97747,4478,12071,"Lee County, Florida"
113390,106790,94209,3796,101385,8463,72579,138,2481,0,6600,10736,7415,3321,13212,9432,3780,16185,14008,2177,15792,14642,1150,17133,15800,1333,40332,38736,1596,12073,"Leon County, Florida"
150814,142268,124945,8387,126558,8812,101058,1619,7506,0,8546,6645,4871,1774,12054,9472,2582,22675,18197,4478,23329,19842,3487,26862,24247,2615,59249,55541,3708,12081,"Manatee County, Florida"
143441,127543,108861,11464,108551,13011,75295,1378,2726,0,15898,11199,6987,4212,16971,12360,4611,27686,21450,6236,23199,18903,4296,25817,24037,1780,38569,36695,1874,12083,"Marion County, Florida"
63070,59088,50430,3590,53055,4780,40100,712,1979,0,3982,3418,2583,835,5222,4095,1127,10002,8644,1358,7472,6100,1372,10931,9638,1293,26025,24918,1107,12085,"Martin County, Florida"
895801,837519,689232,21322,803344,111627,512790,3991,35648,129,58282,77063,41809,35254,93593,55683,37910,142261,103133,39128,114747,91447,23300,158503,133588,24915,309634,286754,22880,12086,"Miami-Dade County, Florida"
31362,30369,26697,1740,27943,2613,18944,25,347,0,993,1201,784,417,1814,1014,800,4052,2827,1225,4569,3971,598,4302,4073,229,15424,15128,296,12087,"Monroe County, Florida"
32624,31315,27190,1724,28817,2330,20959,191,1084,0,1309,2412,1514,898,2756,2157,599,3037,2635,402,4158,3717,441,6135,5939,196,14126,13284,842,12089,"Nassau County, Florida"
79570,75461,65572,3321,70849,6842,54416,455,2074,0,4109,4734,3407,1327,5886,3315,2571,12060,8984,3076,9240,8471,769,15115,14241,874,32535,31251,1284,12091,"Okaloosa County, Florida"
458157,436659,379406,10121,417882,37474,304402,2634,13569,39,21498,29359,21053,8306,36668,25128,11540,69090,58183,10907,62337,54609,7728,83242,78240,5002,177461,170225,7236,12095,"Orange County, Florida"
102705,97741,82652,2982,91843,9456,65128,1002,3582,33,4964,5864,4928,936,9466,6038,3428,16939,12640,4299,18608,15918,2690,19559,18029,1530,32269,30782,1487,12097,"Osceola County, Florida"
552286,522553,447478,22680,482173,46540,360444,5829,16356,102,29733,34882,25949,8933,45687,33023,12664,75023,59388,15635,69056,61394,7662,97949,89543,8406,229689,217674,12015,12099,"Palm Beach County, Florida"
205128,186401,169346,10844,166998,9434,133466,1870,5254,0,18727,10718,6761,3957,22588,13284,9304,31875,23555,8320,31042,26194,4848,38463,36113,2350,70442,66769,3673,12101,"Pasco County, Florida"
405892,370430,326329,24301,332556,27040,249608,3920,9330,125,35462,25895,15288,10607,42299,28540,13759,67380,49828,17552,57000,50108,6892,70557,63902,6655,142761,134192,8569,12103,"Pinellas County, Florida"
241171,216983,173662,11841,195583,25616,141084,2521,12773,44,24188,16643,9662,6981,23004,12526,10478,38091,23767,14324,38644,29637,9007,49340,36991,12349,75449,64623,10826,12105,"Polk County, Florida"
27927,24878,18444,1222,21414,4186,13684,1219,456,0,3049,1927,1340,587,4538,2569,1969,5906,5201,705,4313,3572,741,4982,4583,399,6261,5914,347,12107,"Putnam County, Florida"
90109,85629,79144,4106,79234,4055,62081,641,3357,0,4480,3609,2776,833,4594,3442,1152,11151,8614,2537,8478,6527,1951,14523,12537,1986,47754,45827,1927,12109,"St. Johns County, Florida"
118768,113599,97208,4815,104603,8581,79304,861,3231,0,5169,6688,4611,2077,12019,8268,3751,17752,15030,2722,19065,17994,1071,23162,22282,880,40082,38512,1570,12111,"St. Lucie County, Florida"
63891,60536,52899,2448,56805,3821,45453,585,1386,0,3355,2541,2100,441,2941,2583,358,6930,5454,1476,9186,7616,1570,12953,12127,826,29340,27921,1419,12113,"Santa Rosa County, Florida"
183721,171380,150011,11577,150133,12540,115489,2173,4840,67,12341,9292,7326,1966,13945,9311,4634,26861,21506,5355,22209,19447,2762,37520,33916,3604,73894,69744,4150,12115,"Sarasota County, Florida"
179274,171687,156048,7086,161046,8930,126450,1057,6210,0,7587,8607,6333,2274,11266,8253,3013,21407,16626,4781,20334,16660,3674,35745,33224,2521,81915,77830,4085,12117,"Seminole County, Florida"
62854,58614,54504,5942,48464,2372,41659,286,2652,0,4240,2374,1883,491,5947,3957,1990,10035,8830,1205,9139,8052,1087,13915,12715,1200,21444,21063,381,12119,"Sumter County, Florida"
218423,204073,170798,13454,183317,21564,126888,2501,4252,123,14350,14945,8936,6009,19682,13360,6322,37719,28245,9474,35561,28478,7083,42572,37650,4922,67944,63323,4621,12127,"Volusia County, Florida"
28770,26716,23395,1033,25060,1176,20617,397,759,91,2054,1673,793,880,1600,763,837,4438,3734,704,4324,3706,618,4601,4456,145,12134,12057,77,12131,"Walton County, Florida"
27525,25654,22430,1021,24081,1845,18919,95,1857,0,1871,1266,972,294,1514,1309,205,4176,3276,900,4090,3010,1080,4841,4523,318,11638,10972,666,13013,"Barrow County, Georgia"
35506,33497,27565,1222,31042,3713,22414,768,827,0,2009,2687,1683,1004,2130,1296,834,6053,3706,2347,4911,3852,1059,6131,4998,1133,13594,12023,1571,13015,"Bartow County, Georgia"
57905,50225,37039,2139,46756,9120,31461,369,1683,79,7680,7917,4914,3003,7412,4092,3320,10952,8612,2340,7526,5948,1578,8454,7524,930,15644,14868,776,13021,"Bibb County, Georgia"
27097,24349,19477,810,22820,3900,15489,240,277,0,2748,2023,1234,789,3842,2297,1545,4864,3469,1395,4585,3705,880,4523,3977,546,7260,6905,355,13031,"Bulloch County, Georgia"
41197,36367,28656,1002,34490,4674,25174,476,1089,0,4830,3315,2338,977,3674,2499,1175,6973,4861,2112,6048,4717,1331,6669,6086,583,14518,13657,861,13045,"Carroll County, Georgia"
24722,22000,18696,1717,19821,1486,15142,223,307,0,2722,810,743,67,1521,661,860,4557,3653,904,3701,3402,299,5212,4785,427,8921,8494,427,13047,"Catoosa County, Georgia"
107921,101090,82629,2295,96285,12908,69248,614,2710,0,6831,8374,6501,1873,8217,5721,2496,18096,14714,3382,14219,13145,1074,18525,16397,2128,40490,39069,1421,13051,"Chatham County, Georgia"
89974,87696,80919,2278,83879,3275,68388,954,3753,0,2278,4196,3335,861,5215,4685,530,8439,7396,1043,9846,9280,566,13473,12941,532,48805,47603,1202,13057,"Cherokee County, Georgia"
49698,46141,41883,1836,43583,2671,30628,101,469,0,3557,6080,4893,1187,6151,4944,1207,8760,6566,2194,7577,7090,487,7423,6846,577,13707,13219,488,13059,"Clarke County, Georgia"
96286,89596,70753,3286,84383,13808,51706,535,1527,0,6690,7391,4338,3053,8257,5863,2394,18595,13488,5107,16217,12534,3683,20092,17065,3027,25734,22450,3284,13063,"Clayton County, Georgia"
283094,276380,253738,6756,265658,15156,201888,751,6810,0,6714,11354,8927,2427,12115,10247,1868,27465,23216,4249,31959,29081,2878,51549,49759,1790,148652,143897,4755,13067,"Cobb County, Georgia"
47167,44082,38566,1175,41805,1952,37229,490,1433,42,3085,1423,883,540,2745,1551,1194,4333,3927,406,4167,3661,506,8575,7187,1388,25924,24481,1443,13073,"Columbia County, Georgia"
52114,48157,40891,1597,45693,4767,35473,160,2085,0,3957,1863,1163,700,3862,2082,1780,6360,5053,1307,6216,4832,1384,10373,9214,1159,23440,21902,1538,13077,"Coweta County, Georgia"
287001,269348,223811,7924,255971,29247,182049,1637,9107,81,17653,15521,11084,4437,21315,14400,6915,38874,29457,9417,36881,31256,5625,49467,45250,4217,124943,120374,4569,13089,"DeKalb County, Georgia"
33717,29913,21272,2154,26831,6786,14918,194,1016,0,3804,5139,3190,1949,4147,2888,1259,5314,4067,1247,6749,5033,1716,5994,4877,1117,6374,5717,657,13095,"Dougherty County, Georgia"
49534,48036,38553,995,45939,5627,34073,417,1146,0,1498,2389,1664,725,4290,3131,1159,8344,6397,1947,5625,5022,603,9141,8112,1029,19745,18485,1260,13097,"Douglas County, Georgia"
39366,36968,34503,964,34918,1517,30381,444,1479,0,2398,703,347,356,1915,935,980,3042,2359,683,4135,3246,889,5782,5513,269,23789,23353,436,13113,"Fayette County, Georgia"
34672,29331,21903,963,27356,5783,18338,316,443,20,5341,3226,1732,1494,4395,1968,2427,9003,6253,2750,3420,2995,425,5990,5368,622,8638,8334,304,13115,"Floyd County, Georgia"
81353,79380,74840,1932,75602,2764,65695,574,3328,60,1973,2018,1724,294,2444,1882,562,5458,4536,922,6755,6060,695,10514,10053,461,54164,53624,540,13117,"Forsyth County, Georgia"
417157,392237,349282,10202,377153,28669,277864,1412,10991,0,24920,28264,20575,7689,28463,18714,9749,45633,36183,9450,44199,38952,5247,73774,68708,5066,196824,189450,7374,13121,"Fulton County, Georgia"
34634,31445,25797,1902,28584,4140,20668,376,1240,0,3189,2207,1415,792,2604,1789,815,6772,4313,2459,4289,3404,885,5795,5261,534,12967,12512,455,13127,"Glynn County, Georgia"
297658,285143,256189,6464,272511,18546,212988,1696,7964,0,12515,13208,8837,4371,15105,11043,4062,34136,27146,6990,37891,33215,4676,53545,49253,4292,143773,138183,5590,13135,"Gwinnett County, Georgia"
64990,60554,49825,2467,56097,6159,42971,259,1395,0,4436,2884,1750,1134,4862,3055,1807,9214,7443,1771,9462,8158,1304,11767,10618,1149,26801,26308,493,13139,"Hall County, Georgia"
75926,73627,68049,2766,68563,3667,50053,449,1402,0,2299,1284,799,485,4446,2659,1787,8743,6494,2249,9119,8004,1115,14898,12549,2349,37436,34404,3032,13151,"Henry County, Georgia"
58155,54954,46171,1448,52522,5568,37541,489,2639,0,3201,2747,2023,724,4072,2031,2041,9427,8208,1219,9566,8070,1496,9199,8663,536,23144,22046,1098,13153,"Houston County, Georgia"
23640,22022,19220,452,20611,1737,17361,182,765,0,1618,308,203,105,1129,522,607,3348,2687,661,2083,1996,87,5484,5107,377,11288,10698,590,13157,"Jackson County, Georgia"
41734,32910,27237,1599,30086,3946,17872,434,487,0,8824,8672,2191,6481,4972,2162,2810,7247,3249,3998,3683,2591,1092,6978,4821,2157,10182,8611,1571,13185,"Lowndes County, Georgia"
72862,65456,50913,2237,60732,9294,41058,585,1585,0,7406,8581,4913,3668,7734,4992,2742,12173,9360,2813,9169,7463,1706,14599,13436,1163,20606,19668,938,13215,"Muscogee County, Georgia"
38436,37405,33077,1093,35271,2462,27728,420,577,0,1031,3652,3217,435,1871,1389,482,5527,4940,587,5206,4741,465,8194,7889,305,13986,13617,369,13217,"Newton County, Georgia"
53630,51104,45237,899,49352,4383,38992,62,2121,0,2526,1651,1152,499,2864,2278,586,5729,3857,1872,6760,5687,1073,11177,10668,509,25449,24751,698,13223,"Paulding County, Georgia"
70534,62122,45925,2544,57371,11021,38741,754,3561,0,8412,8290,5024,3266,9727,6405,3322,13867,10650,3217,9517,6970,2547,12767,10633,2134,16366,15238,1128,13245,"Richmond County, Georgia"
31460,30252,25220,752,28531,2977,19938,75,1131,0,1208,1276,1134,142,1994,1378,616,5282,3981,1301,3689,2970,719,6248,5511,737,12971,12304,667,13247,"Rockdale County, Georgia"
25659,22671,17625,968,20934,3770,12561,429,93,0,2988,2004,420,1584,2237,964,1273,5508,3396,2112,5229,3976,1253,4569,3113,1456,6112,5386,726,13255,"Spalding County, Georgia"
25417,22573,15758,1279,20659,4349,12945,217,521,80,2844,2164,1549,615,4602,3874,728,3666,2229,1437,3447,2223,1224,4032,3408,624,7506,6336,1170,13285,"Troup County, Georgia"
26895,23224,18915,1267,20500,2884,15977,407,442,0,3671,2715,1596,1119,3111,1705,1406,5746,4352,1394,3601,2997,604,5256,4731,525,6466,6029,437,13295,"Walker County, Georgia"
32624,29843,25057,1074,28252,2804,22628,176,502,0,2781,1417,1042,375,2949,2548,401,4497,2715,1782,3394,3015,379,6347,5968,379,14020,13789,231,13297,"Walton County, Georgia"
36658,31640,24093,1691,29084,5244,17013,373,3154,0,5018,1741,564,1177,4398,2499,1899,7795,5757,2038,6170,5200,970,6555,6219,336,9999,9904,95,13313,"Whitfield County, Georgia"
71565,61539,50087,5046,53632,5341,42033,1090,1197,0,10026,7079,4146,2933,5696,3583,2113,9742,6979,2763,9063,6020,3043,10014,7070,2944,29971,26341,3630,15001,"Hawaii County, Hawaii"
308208,286338,249837,9036,269251,19891,213039,2560,7868,155,21870,14297,9613,4684,14408,7549,6859,28138,20039,8099,30247,26107,4140,49803,44872,4931,171315,164306,7009,15003,"Honolulu County, Hawaii"
22685,20378,17744,1033,18783,1326,13589,434,350,0,2307,989,725,264,1565,922,643,2628,1660,968,2357,2047,310,2973,2793,180,12173,11922,251,15007,"Kauai County, Hawaii"
52794,48777,41433,1509,45748,4603,33571,740,1338,0,4017,1726,942,784,2344,1921,423,5936,3800,2136,6145,4691,1454,7892,6679,1213,28751,26424,2327,15009,"Maui County, Hawaii"
178712,172131,160425,6932,160241,4985,128804,2054,8632,0,6581,10980,8300,2680,10673,7120,3553,23458,18473,4985,21941,20144,1797,34374,31705,2669,77286,75227,2059,16001,"Ada County, Idaho"
30635,28781,24317,1300,26564,2638,19999,204,1181,39,1854,2014,1000,1014,2792,2264,528,5032,4244,788,5268,4452,816,5514,5020,494,10015,9852,163,16005,"Bannock County, Idaho"
40224,38175,32633,1384,35809,2552,29152,300,800,0,2049,1927,1699,228,2850,1667,1183,5570,4614,956,6937,6315,622,7828,7494,334,15112,14694,418,16019,"Bonneville County, Idaho"
74520,70667,59782,3656,64197,5531,51562,695,1646,0,3853,3062,2454,608,6216,3464,2752,12758,10898,1860,12210,10681,1529,18725,17764,961,21549,20730,819,16027,"Canyon County, Idaho"
64955,59065,50074,2897,54274,5378,40383,690,1367,78,5890,3896,2690,1206,5696,3576,2120,8723,6692,2031,11112,9373,1739,13034,10936,2098,22494,21772,722,16055,"Kootenai County, Idaho"
32041,29162,24127,756,26303,3216,19239,525,446,0,2879,2292,978,1314,3124,2391,733,4789,3352,1437,5250,4690,560,7271,6872,399,9315,8892,423,16083,"Twin Falls County, Idaho"
26397,23013,19217,1349,20582,1865,15529,517,613,75,3384,1914,680,1234,2423,1247,1176,3673,2858,815,3338,2899,439,5718,5144,574,9331,8921,410,17001,"Adams County, Illinois"
84290,78733,68871,3231,73163,5074,54108,1038,1665,0,5557,10586,8123,2463,8005,5471,2534,11713,8706,3007,9180,7665,1515,15461,13514,1947,29345,27763,1582,17019,"Champaign County, Illinois"
1981796,1807902,1525026,63845,1693495,183608,1201232,14344,66980,595,173894,144662,91445,53217,158268,96890,61378,269745,199557,70188,227217,185644,41573,325625,288543,37082,856279,811067,45212,17031,"Cook County, Illinois"
38849,37110,32817,1041,34495,2721,26954,438,740,0,1739,1695,1584,111,4281,3261,1020,5360,4447,913,4658,4072,586,7391,6836,555,15464,14944,520,17037,"DeKalb County, Illinois"
345714,328790,299943,10789,308355,15008,255945,2191,10129,0,16924,13837,10526,3311,14278,9684,4594,27438,21720,5718,31631,27877,3754,50273,46887,3386,208257,201744,6513,17043,"DuPage County, Illinois"
183633,172564,149458,6927,161409,14315,124815,969,3915,155,11069,7029,4523,2506,8953,6334,2619,19298,14230,5068,21206,17262,3944,30635,27791,2844,96512,93486,3026,17089,"Kane County, Illinois"
40642,36080,29621,2203,32295,3613,24732,706,176,0,4562,3304,1795,1509,3919,1890,2029,7437,4861,2576,5197,4264,933,6176,5829,347,14609,13665,944,17091,"Kankakee County, Illinois"
40716,39158,36472,974,37275,1582,32910,213,869,0,1558,788,325,463,1848,796,1052,2256,1611,645,3285,2866,419,6665,6470,195,25874,25302,572,17093,"Kendall County, Illinois"
246620,234195,209691,10185,218789,13013,180100,1345,6640,0,12425,9663,7501,2162,14641,10388,4253,25533,20228,5305,20283,18033,2250,37519,34057,3462,138981,135060,3921,17097,"Lake County, Illinois"
44714,40209,31234,1820,37140,5618,25608,405,638,0,4505,2125,1780,345,4721,3076,1645,8034,6138,1896,6556,5237,1319,8417,7507,910,14861,14226,635,17099,"LaSalle County, Illinois"
114544,109953,97825,4474,101567,4782,86256,1188,2429,0,4591,3551,2656,895,4448,2968,1480,10013,8256,1757,10357,9479,878,22901,21442,1459,63274,62489,785,17111,"McHenry County, Illinois"
65998,62986,56430,1884,59641,4178,45262,349,1326,0,3012,6968,3256,3712,4288,2608,1680,8873,6895,1978,5044,4466,578,11752,10602,1150,29073,28281,792,17113,"McLean County, Illinois"
44562,39157,31124,2545,35318,4944,24448,422,1602,0,5405,2978,1956,1022,4724,3338,1386,7478,4730,2748,7071,6050,1021,7989,6910,1079,14322,13643,679,17115,"Macon County, Illinois"
108977,99224,84137,6470,88599,8190,68900,1085,2706,144,9753,7458,4862,2596,9370,6659,2711,15002,11594,3408,13720,11392,2328,21513,19926,1587,41914,40476,1438,17119,"Madison County, Illinois"
71506,64925,51696,2156,60531,9581,41118,487,1386,0,6581,6616,3412,3204,7005,4339,2666,9723,7761,1962,8490,7530,960,14505,13145,1360,25167,23151,2016,17143,"Peoria County, Illinois"
61009,55189,44953,2332,50319,6151,35722,836,1340,0,5820,3482,1825,1657,6146,3393,2753,10283,8528,1755,8913,7726,1187,11219,9891,1328,20966,19881,1085,17161,"Rock Island County, Illinois"
104803,95493,76493,5503,86388,14390,58580,844,2755,55,9310,8874,3499,5375,8797,5299,3498,16050,10459,5591,11924,9684,2240,20422,16858,3564,38736,35289,3447,17163,"St. Clair County, Illinois"
83006,76429,61907,3417,70180,10055,51342,810,2227,0,6577,6142,3316,2826,7089,4451,2638,11120,7433,3687,9607,7291,2316,13500,11256,2244,35548,33117,2431,17167,"Sangamon County, Illinois"
54123,48285,38882,2300,43938,6299,32343,674,1107,74,5838,2631,1365,1266,4073,2721,1352,6748,4803,1945,8392,7223,1169,12023,10643,1380,20256,19039,1217,17179,"Tazewell County, Illinois"
30166,24786,19819,1693,22249,3849,12820,368,554,0,5380,3025,2081,944,3281,1682,1599,5559,3344,2215,5107,4499,608,4917,3888,1029,8277,7583,694,17183,"Vermilion County, Illinois"
231647,220388,195847,8008,205737,13910,168772,1598,5037,125,11259,7547,4911,2636,9325,6645,2680,22283,17105,5178,21945,18556,3389,38133,34226,3907,132414,128060,4354,17197,"Will County, Illinois"
27815,22809,15370,944,20872,4985,13213,421,622,0,5006,1769,1100,669,4382,2018,2364,5694,4355,1339,4098,3412,686,4399,3586,813,7473,6810,663,17199,"Williamson County, Illinois"
114337,104242,83321,5832,94465,11986,69583,1546,1890,56,10095,7171,5097,2074,11918,8547,3371,20316,16499,3817,13795,11828,1967,22386,20488,1898,38751,36950,1801,17201,"Winnebago County, Illinois"
147638,135591,112854,6674,124098,14371,93921,1426,2875,89,12047,8042,4999,3043,13378,8468,4910,23030,17938,5092,23115,20393,2722,28663,26190,2473,51410,48661,2749,18003,"Allen County, Indiana"
31891,27993,23669,699,25602,2411,20820,432,840,0,3898,1419,605,814,2291,909,1382,4853,3057,1796,3893,3447,446,6961,6340,621,12474,12361,113,18005,"Bartholomew County, Indiana"
24808,23528,22173,911,22339,324,18302,0,377,0,1280,null,#VALUE!,null,null,#VALUE!,null,null,#VALUE!,null,null,#VALUE!,null,null,#VALUE!,null,null,#VALUE!,null,18011,"Boone County, Indiana"
45905,42569,35077,2049,38462,4354,29565,576,749,0,3336,2009,815,1194,3559,1605,1954,7049,4917,2132,7481,5598,1883,9100,7272,1828,16707,15243,1464,18019,"Clark County, Indiana"
45311,40470,34638,2103,36614,3431,26879,517,762,0,4841,4444,2822,1622,5779,3605,2174,9483,6874,2609,5984,4427,1557,7961,7240,721,11660,11102,558,18035,"Delaware County, Indiana"
73660,66826,53499,2969,61103,9019,43571,932,1804,0,6834,4147,3679,468,4815,3164,1651,10539,7898,2641,10755,8821,1934,16810,14895,1915,26594,24127,2467,18039,"Elkhart County, Indiana"
30300,28457,23851,1382,26356,2752,19297,148,757,0,1843,811,562,249,2961,1654,1307,2984,1873,1111,4171,3652,519,6052,4911,1141,13321,12228,1093,18043,"Floyd County, Indiana"
26923,23694,18466,1746,20205,3330,14388,258,887,43,3229,1799,906,893,3428,2123,1305,4813,3111,1702,4890,3981,909,5390,4421,969,6603,5995,608,18053,"Grant County, Indiana"
122876,119943,112872,1648,115914,4092,100000,328,3947,0,2933,2489,2102,387,4592,3345,1247,9282,7406,1876,10062,9434,628,18678,17059,1619,77773,76547,1226,18057,"Hamilton County, Indiana"
29605,27986,23774,1251,25468,2775,20152,219,407,0,1619,847,511,336,1835,812,1023,3914,2704,1210,2719,2120,599,6544,5745,799,13746,12799,947,18059,"Hancock County, Indiana"
60368,58917,53151,1828,54813,2986,46876,593,1287,0,1451,1226,906,320,2329,1773,556,4731,3872,859,7167,6240,927,11721,10466,1255,33194,31716,1478,18063,"Hendricks County, Indiana"
35139,32794,27267,1995,29459,3546,20091,310,656,37,2345,2090,1165,925,3549,2254,1295,5084,3501,1583,4642,3573,1069,7191,6272,919,12583,11142,1441,18067,"Howard County, Indiana"
57504,54724,47899,2078,51062,4173,41627,382,1487,0,2780,2301,1528,773,2410,1641,769,8147,6595,1552,6558,5900,658,12218,11483,735,25870,25261,609,18081,"Johnson County, Indiana"
30798,28537,23308,1715,25641,2562,20164,304,505,0,2261,1272,873,399,2217,1279,938,4304,3000,1304,5107,3769,1338,7121,5968,1153,10777,10439,338,18085,"Kosciusko County, Indiana"
186769,165964,131048,9123,151954,21627,108776,2072,4078,0,20805,12598,7343,5255,17624,10927,6697,29942,22043,7899,24826,21177,3649,32674,28746,3928,69105,65847,3258,18089,"Lake County, Indiana"
43122,39774,31576,2683,35297,5301,24166,170,821,0,3348,2225,1617,608,5417,3232,2185,6778,4724,2054,6294,5083,1211,8447,7658,789,13961,13061,900,18091,"LaPorte County, Indiana"
50426,44764,34817,2256,40954,6032,28293,529,728,0,5662,4311,2018,2293,4961,3390,1571,9057,6703,2354,7060,5658,1402,10832,9644,1188,14205,13663,542,18095,"Madison County, Indiana"
373634,332773,269755,15174,308405,41981,199925,2837,5705,175,40861,30156,16514,13642,41629,27019,14610,61710,46268,15442,59619,47381,12238,69010,60441,8569,111510,105823,5687,18097,"Marion County, Indiana"
57102,53973,48841,1800,50386,2633,37402,637,859,0,3129,5761,4824,937,6531,5061,1470,9616,8193,1423,7794,6937,857,9414,8170,1244,17986,17223,763,18105,"Monroe County, Indiana"
25968,23482,19334,1275,21024,1495,16887,313,262,0,2486,1643,1017,626,1623,1415,208,2808,1480,1328,3095,2539,556,4906,4551,355,11893,11456,437,18109,"Morgan County, Indiana"
66144,60782,52843,2895,56175,4858,39972,315,959,0,5362,3607,2736,871,4754,3043,1711,8189,5736,2453,8822,7001,1821,11278,10760,518,29494,28029,1465,18127,"Porter County, Indiana"
107730,97565,80442,5280,88498,11620,63328,1403,2118,36,10165,7743,3678,4065,10046,6443,3603,17852,13293,4559,15044,12183,2861,19110,16531,2579,37935,35541,2394,18141,"St. Joseph County, Indiana"
70446,67482,55108,2581,63728,7445,44926,191,1165,0,2964,7074,5179,1895,5926,3666,2260,12620,10832,1788,9496,8094,1402,12793,11948,845,22537,21469,1068,18157,"Tippecanoe County, Indiana"
75058,67730,53018,3035,61424,9397,43982,970,1425,0,7328,6447,3707,2740,7592,4606,2986,13046,10023,3023,10089,8601,1488,13310,12003,1307,24574,23800,774,18163,"Vanderburgh County, Indiana"
43262,41034,32699,2792,36424,4384,27328,620,754,43,2228,3667,2690,977,4620,3439,1181,7158,5919,1239,6828,5956,872,8282,7705,577,12707,12459,248,18167,"Vigo County, Indiana"
28338,25039,19429,1989,22105,3341,15535,247,505,24,3299,1720,1064,656,3501,1880,1621,5409,4190,1219,5061,3676,1385,5960,4689,1271,6687,6408,279,18177,"Wayne County, Indiana"
53386,48181,40238,2242,44320,5115,32880,375,1046,0,5205,3327,2134,1193,6155,4291,1864,9618,7453,2165,6043,5383,660,10766,9326,1440,17477,16778,699,19013,"Black Hawk County, Iowa"
35492,34166,30357,821,32489,2564,25201,220,516,0,1326,923,301,622,1524,1084,440,3774,3000,774,3199,2756,443,5809,5431,378,20263,19646,617,19049,"Dallas County, Iowa"
38501,34154,26962,1901,30210,4962,22464,423,749,0,4347,2601,1932,669,3405,2254,1151,5214,3842,1372,4896,3990,906,7642,6644,998,14743,13815,928,19061,"Dubuque County, Iowa"
60868,58899,53504,1280,54790,3224,43749,878,1395,0,1969,5694,4606,1088,5441,3483,1958,7502,6614,888,6748,6159,589,9216,8672,544,26267,25487,780,19103,"Johnson County, Iowa"
91747,84734,74052,2941,78181,5335,60405,1082,2657,0,7013,4422,2620,1802,7032,4766,2266,11006,7972,3034,11761,10601,1160,18817,17283,1534,38709,37374,1335,19113,"Linn County, Iowa"
189546,177807,150489,6632,164270,14350,126727,2497,2969,0,11739,7995,4509,3486,12093,7838,4255,23773,17037,6736,24010,20435,3575,35858,33086,2772,85817,82899,2918,19153,"Polk County, Iowa"
36635,32694,27407,2459,28550,3365,21709,294,974,0,3941,2143,995,1148,3522,1922,1600,6397,4179,2218,4834,3750,1084,6840,6134,706,12899,12307,592,19155,"Pottawattamie County, Iowa"
66905,60918,51279,2207,56984,6169,41014,749,890,0,5987,3727,2521,1206,5105,2890,2215,10124,7125,2999,9348,8468,880,11748,10512,1236,26853,26036,817,19163,"Scott County, Iowa"
37290,35715,31810,1438,33699,2677,23748,176,662,0,1575,4656,3134,1522,2989,1581,1408,4206,2780,1426,5141,3125,2016,7473,6429,1044,12825,12114,711,19169,"Story County, Iowa"
39253,35283,27993,1944,31624,4012,24621,274,838,0,3970,1768,1033,735,2852,1637,1215,7457,5557,1900,3927,3245,682,6974,6050,924,16275,15358,917,19193,"Woodbury County, Iowa"
24692,22459,20112,1179,20390,1339,17086,190,769,20,2233,769,539,230,2099,1114,985,2871,2074,797,3234,2427,807,5369,5287,82,10350,9872,478,20015,"Butler County, Kansas"
48907,46947,41475,1786,43734,2431,34104,368,1331,0,1960,4159,3326,833,4340,3200,1140,7035,5507,1528,6196,5527,669,9210,8365,845,17967,17687,280,20045,"Douglas County, Kansas"
231184,222865,205545,7325,210692,8413,173596,1186,6778,0,8319,7178,5575,1603,11228,8835,2393,20769,16760,4009,22237,19645,2592,37545,35102,2443,132227,129897,2330,20091,"Johnson County, Kansas"
26654,24444,20173,1045,22651,2228,17509,53,614,0,2210,1164,925,239,2387,1439,948,3760,2757,1003,3256,2582,674,3465,3029,436,12622,12053,569,20103,"Leavenworth County, Kansas"
26617,25963,23439,992,24287,871,18446,406,1103,0,654,2366,2194,172,3051,2689,362,5057,4341,716,3943,3241,702,3957,3396,561,8243,7840,403,20161,"Riley County, Kansas"
198024,184013,149608,7337,170906,22634,119378,1646,4748,39,14011,12065,7757,4308,19926,11688,8238,30033,24113,5920,27052,24057,2995,37676,34300,3376,71272,67697,3575,20173,"Sedgwick County, Kansas"
72788,64970,52897,3101,58883,7355,39138,988,1346,0,7818,5410,1720,3690,7066,3298,3768,10235,6817,3418,12266,8263,4003,12103,9238,2865,25708,23075,2633,20177,"Shawnee County, Kansas"
60708,55301,38679,2797,50541,10988,32014,874,770,0,5407,5624,3253,2371,5362,3575,1787,11481,7974,3507,9498,8166,1332,12383,11284,1099,16360,15292,1068,20209,"Wyandotte County, Kansas"
47684,46036,40431,1880,42885,3043,35462,381,1659,0,1648,771,460,311,1672,968,704,6149,5052,1097,4894,4618,276,9673,8767,906,24525,23702,823,21015,"Boone County, Kentucky"
29789,27680,23035,1700,24786,1900,19176,259,311,0,2109,1908,1117,791,2131,1325,806,4246,3565,681,4038,2986,1052,5911,5160,751,11555,11476,79,21029,"Bullitt County, Kentucky"
36992,33549,29083,1399,30738,2479,23845,258,3304,0,3443,4246,2394,1852,2747,1853,894,4020,2588,1432,4155,3479,676,6541,6199,342,15283,14108,1175,21037,"Campbell County, Kentucky"
26114,23151,17570,709,21449,3619,14084,301,484,0,2963,1958,1028,930,3452,2366,1086,6341,5346,995,4172,3315,857,4460,3845,615,5731,5316,415,21047,"Christian County, Kentucky"
39590,35482,27577,1628,32248,4985,23804,504,1011,0,4108,2630,1844,786,3918,2815,1103,6920,5695,1225,5797,4980,817,7989,7221,768,12336,11822,514,21059,"Daviess County, Kentucky"
131067,125508,105794,4184,117221,10398,87779,1384,5759,48,5559,7796,5972,1824,9762,7788,1974,21076,18188,2888,21284,19164,2120,22004,19832,2172,49145,47897,1248,21067,"Fayette County, Kentucky"
41625,37683,29190,1986,34233,4223,25642,800,1236,0,3942,2668,1211,1457,3507,1643,1864,8512,6538,1974,5553,3573,1980,7622,6823,799,13763,11905,1858,21093,"Hardin County, Kentucky"
311263,281390,231253,12267,259965,31894,185048,3520,6107,0,29873,21494,14110,7384,30806,20995,9811,45606,35776,9830,41625,36487,5138,56992,52184,4808,114740,110110,4630,21111,"Jefferson County, Kentucky"
64611,60015,51792,2350,55230,4354,44137,591,2173,0,4596,2909,1661,1248,4428,3073,1355,8494,6840,1654,7769,6902,867,14065,13077,988,26946,26394,552,21117,"Kenton County, Kentucky"
27650,25320,20543,1091,23327,3137,16155,354,408,0,2330,1288,1018,270,4303,2744,1559,4979,3830,1149,3924,3677,247,5206,4937,269,7950,7441,509,21145,"McCracken County, Kentucky"
33396,30450,26530,1423,27529,1983,22248,398,1004,0,2946,2557,1608,949,3326,2312,1014,5533,4549,984,4468,4307,161,5562,5008,554,11950,11423,527,21151,"Madison County, Kentucky"
21237,20492,18294,461,19427,1439,16221,88,797,46,745,434,318,116,1123,972,151,1498,1032,466,2166,2066,100,2494,2314,180,13522,13240,282,21185,"Oldham County, Kentucky"
48843,45523,38203,2215,41673,4197,32131,342,1451,0,3320,2995,1854,1141,5529,4311,1218,7467,5997,1470,6312,5125,1187,8918,8455,463,17622,16782,840,21227,"Warren County, Kentucky"
45102,41978,33616,1169,39933,3406,32608,184,2439,0,3124,3694,2879,815,2771,2279,492,4740,2856,1884,4048,3613,435,6182,5725,457,23667,22816,851,22005,"Ascension Parish, Louisiana"
50099,45158,36303,1495,42856,6984,20669,215,1017,0,4941,2506,1347,1159,5791,2432,3359,8072,4238,3834,6133,3466,2667,9366,6767,2599,18231,12013,6218,22015,"Bossier Parish, Louisiana"
94778,82577,58598,4163,75760,17936,40192,1046,1586,0,12201,8172,3474,4698,13561,6098,7463,20908,12977,7931,12385,9201,3184,15814,12040,3774,23938,19668,4270,22017,"Caddo Parish, Louisiana"
78351,68280,53035,2382,63333,10191,41543,1348,635,0,10071,4756,1747,3009,7957,4632,3325,15854,11041,4813,11305,9099,2206,12415,10940,1475,26064,23176,2888,22019,"Calcasieu Parish, Louisiana"
163274,149950,120500,4349,142629,20834,95253,1153,4167,62,13324,14167,9466,4701,15406,11043,4363,26438,21812,4626,21027,18705,2322,24797,22591,2206,61439,58394,3045,22033,"East Baton Rouge Parish, Louisiana"
25386,21667,15983,851,20003,3619,12915,278,320,0,3719,2093,1548,545,3750,2233,1517,4759,3529,1230,3553,2752,801,4390,4065,325,6841,6517,324,22045,"Iberia Parish, Louisiana"
167596,148758,117802,7118,137521,20142,92729,1432,6214,46,18838,12345,7787,4558,17097,9276,7821,27036,18374,8662,26032,20970,5062,26811,24425,2386,58275,55105,3170,22051,"Jefferson Parish, Louisiana"
94002,87650,69708,2224,83046,11943,57147,680,1333,0,6352,7215,4691,2524,8439,5489,2950,15732,13572,2160,10260,9275,985,17654,15986,1668,34702,33258,1444,22055,"Lafayette Parish, Louisiana"
35838,31235,23496,1037,29190,4464,21917,154,206,0,4603,3059,1682,1377,4462,2229,2233,5617,4483,1134,4698,3682,1016,4941,4484,457,13061,11967,1094,22057,"Lafourche Parish, Louisiana"
49084,46591,37383,1277,43901,3966,32537,292,642,0,2493,2483,1334,1149,3942,2859,1083,5774,3852,1922,5944,5294,650,9922,9092,830,21019,20578,441,22063,"Livingston Parish, Louisiana"
155104,136292,102675,4976,125574,24618,77784,1700,6239,0,18812,23009,11413,11596,24077,15353,8724,24944,19690,5254,17554,14192,3362,22577,19355,3222,42943,41010,1933,22071,"Orleans Parish, Louisiana"
55599,46102,35740,1659,42260,7206,28282,855,1553,43,9497,7156,3443,3713,6288,3055,3233,10011,7914,2097,6748,5485,1263,8986,7286,1700,16410,15258,1152,22073,"Ouachita Parish, Louisiana"
48915,43808,33354,2066,39172,6037,30474,557,919,0,5107,5081,3044,2037,5156,3219,1937,8338,6479,1859,6394,5851,543,7012,6430,582,16934,16190,744,22079,"Rapides Parish, Louisiana"
29965,22198,15049,1747,19946,5436,10051,401,424,0,7767,6143,1826,4317,4550,2084,2466,4879,2864,2015,3839,2480,1359,4039,2965,1074,6515,5187,1328,22097,"St. Landry Parish, Louisiana"
93589,87266,74903,3198,80923,7105,63648,1147,5869,57,6323,4817,3072,1745,8149,4428,3721,12865,10389,2476,11255,9707,1548,14798,13064,1734,41705,40579,1126,22103,"St. Tammany Parish, Louisiana"
47401,41561,31033,2099,38276,6632,26470,541,756,75,5840,4624,2532,2092,4659,3005,1654,8265,5643,2622,7253,6496,757,7919,7259,660,14681,13839,842,22105,"Tangipahoa Parish, Louisiana"
37911,33356,25686,1357,30165,3809,23925,419,519,0,4555,2474,1772,702,4202,2527,1675,6502,4882,1620,5128,4524,604,6719,5741,978,12886,12306,580,22109,"Terrebonne Parish, Louisiana"
44897,40858,34131,3860,34244,3779,26413,579,2763,0,4039,2911,1905,1006,5972,3457,2515,6148,4938,1210,7498,6415,1083,7721,6836,885,14647,14271,376,23001,"Androscoggin County, Maine"
29931,24859,19798,3181,18384,2098,15515,1233,302,0,5072,3087,1441,1646,4724,2370,2354,5336,3985,1351,4923,3189,1734,5237,4231,1006,6624,5948,676,23003,"Aroostook County, Maine"
123485,114803,106313,6688,102760,3277,83703,1377,2875,0,8682,5625,3868,1757,9058,5418,3640,12956,10623,2333,13537,11483,2054,22312,21200,1112,59997,58236,1761,23005,"Cumberland County, Maine"
54299,48313,41227,3711,42162,3527,31056,424,912,0,5986,3010,2024,986,6044,3170,2874,9147,6916,2231,8259,7109,1150,9963,8811,1152,17876,16854,1022,23011,"Kennebec County, Maine"
61765,55648,47231,5232,46186,4246,37431,1344,959,0,6117,4974,3190,1784,8572,6719,1853,9806,7452,2354,8797,7089,1708,10167,9151,1016,19449,18601,848,23019,"Penobscot County, Maine"
88416,81271,72017,6054,70170,4496,59126,1497,2286,0,7145,3740,2523,1217,7842,5696,2146,11004,7884,3120,11364,9702,1662,14470,12977,1493,39996,38271,1725,23031,"York County, Maine"
27190,22813,18197,1415,20146,2890,15253,321,462,0,4377,2328,1436,892,3533,2025,1508,5750,3911,1839,3875,3139,736,4661,4108,553,7043,6870,173,24001,"Allegany County, Maryland"
212687,201634,185186,7160,188432,8547,156119,1087,5174,0,11053,7313,5387,1926,8774,5829,2945,12007,9446,2561,17533,15169,2364,34024,30842,3182,133036,129638,3398,24003,"Anne Arundel County, Maryland"
313259,290567,258476,13897,266682,17757,211650,2749,9403,0,22692,14672,10083,4589,19402,13065,6337,31088,23371,7717,34434,28986,5448,54887,49096,5791,158776,152501,6275,24005,"Baltimore County, Maryland"
32145,30005,28162,1041,28510,1132,24060,48,792,0,2140,765,482,283,1058,257,801,1578,1122,456,2435,2178,257,3940,3440,500,22369,21387,982,24009,"Calvert County, Maryland"
60371,54985,49931,1693,51721,2655,41968,381,1310,42,5386,2838,1926,912,2749,1881,868,4656,3365,1291,4616,3539,1077,8004,6719,1285,37508,36067,1441,24013,"Carroll County, Maryland"
36620,32638,28594,2214,29273,2494,22623,107,385,0,3982,1975,919,1056,1772,1045,727,3615,2350,1265,4711,3877,834,6385,5621,764,18162,16798,1364,24015,"Cecil County, Maryland"
56947,52393,48005,1846,49316,2131,41882,289,4339,0,4554,2134,1176,958,2397,1852,545,4017,3031,986,4525,3273,1252,8969,7614,1355,34905,33057,1848,24017,"Charles County, Maryland"
95903,90147,81926,2955,84128,4702,69713,705,2837,203,5756,1963,1071,892,5014,3230,1784,6655,4853,1802,10656,8909,1747,12704,11793,911,58911,57386,1525,24021,"Frederick County, Maryland"
94802,88394,82044,4069,80996,3550,67242,654,2995,85,6408,3833,2244,1589,4272,2857,1415,9090,6551,2539,9326,7732,1594,13608,12388,1220,54673,53402,1271,24025,"Harford County, Maryland"
116903,113533,105749,2783,108054,3931,90823,618,3617,0,3370,2878,2605,273,3914,2481,1433,6942,5574,1368,7311,6278,1033,14005,12933,1072,81853,81011,842,24027,"Howard County, Maryland"
368334,355634,333012,13815,334006,12906,272971,2249,13015,0,12700,13230,8481,4749,14479,10202,4277,24543,20385,4158,25948,24006,1942,45768,42632,3136,244366,237252,7114,24031,"Montgomery County, Maryland"
315759,300957,254744,11947,279824,28557,213121,2625,7366,0,14802,12538,9110,3428,13718,9888,3830,26923,21442,5481,31226,24804,6422,57432,50370,7062,173922,165196,8726,24033,"Prince George's County, Maryland"
41239,37989,34400,2622,33653,1780,28154,626,1515,0,3250,1420,593,827,2744,2432,312,3106,2214,892,3815,2573,1242,5581,4746,835,24573,23431,1142,24037,"St. Mary's County, Maryland"
56306,49775,41658,3338,44198,4717,33623,340,917,0,6531,2881,1479,1402,5098,2745,2353,7220,5624,1596,7591,6344,1247,11246,9621,1625,22270,21000,1270,24043,"Washington County, Maryland"
38084,33619,27393,1463,30413,3364,22796,596,769,0,4465,2930,2134,796,2989,1966,1023,6860,5037,1823,4320,3094,1226,7431,6233,1198,13554,12659,895,24045,"Wicomico County, Maryland"
237204,209555,160335,10164,192550,31587,126389,2652,5638,162,27649,26831,15825,11006,28797,16847,11950,29447,21349,8098,31113,22663,8450,39007,32151,6856,82009,76854,5155,24510,"Baltimore city, Maryland"
86671,82135,73541,6215,71349,2826,56930,1725,1553,0,4536,3347,2683,664,6069,4329,1740,11217,8620,2597,9814,8409,1405,16099,15310,789,40125,38667,1458,25001,"Barnstable County, Massachusetts"
55212,49658,43997,3672,41807,2645,34281,1121,810,0,5554,3558,2866,692,6535,4477,2058,6873,5114,1759,7221,6062,1159,8961,8525,436,22064,20680,1384,25003,"Berkshire County, Massachusetts"
215132,191400,161916,11006,172821,17428,129186,2658,4129,0,23732,11476,6634,4842,18760,10873,7887,29216,18644,10572,22159,17951,4208,37829,34439,3390,95692,90606,5086,25005,"Bristol County, Massachusetts"
295481,272551,236058,14420,245849,18461,196951,4368,5561,0,22930,15960,9572,6388,24995,16543,8452,31865,25400,6465,28116,22909,5207,44369,39590,4779,150176,145658,4518,25009,"Essex County, Massachusetts"
30391,27669,23252,2559,22684,2135,17990,1029,767,12,2722,1221,938,283,2841,1662,1179,4176,2518,1658,4435,3387,1048,5779,5276,503,11939,11268,671,25011,"Franklin County, Massachusetts"
178678,155531,127272,9693,137938,17608,101051,2583,2671,0,23147,15724,7961,7763,19628,12004,7624,28983,19959,9024,20791,17234,3557,28397,25651,2746,65155,61471,3684,25013,"Hampden County, Massachusetts"
58902,54766,50554,4317,47893,2115,38519,570,1689,0,4136,2859,1632,1227,5004,3594,1410,6733,5570,1163,5607,5071,536,8581,7499,1082,30118,28382,1736,25015,"Hampshire County, Massachusetts"
612224,576986,531534,28501,528593,22603,430801,5292,14194,173,35238,25538,17498,8040,36007,23604,12403,48743,36847,11896,46792,40637,6155,76544,70633,5911,378600,369434,9166,25017,"Middlesex County, Massachusetts"
267880,253430,233202,12579,231780,9049,192881,3933,5736,0,14450,9373,7526,1847,16111,10799,5312,20595,16110,4485,20920,17675,3245,35806,32766,3040,165075,160477,4598,25021,"Norfolk County, Massachusetts"
189304,177735,156006,10821,158854,10600,132099,3343,4660,91,11569,7555,5048,2507,14121,7640,6481,16123,12396,3727,16012,13900,2112,27353,25128,2225,108140,103537,4603,25023,"Plymouth County, Massachusetts"
315049,290693,249143,9458,275539,27559,188896,1913,6271,77,24356,28710,19900,8810,33880,21958,11922,30612,23919,6693,28478,24614,3864,42214,36844,5370,151155,146292,4863,25025,"Suffolk County, Massachusetts"
308831,285301,250649,16205,257405,18185,204305,3283,6892,0,23530,15705,11270,4435,24787,14514,10273,34877,26891,7986,33361,29314,4047,51082,47240,3842,149019,144621,4398,25027,"Worcester County, Massachusetts"
43992,40002,33086,1874,36703,4909,23683,407,917,0,3990,2092,860,1232,2885,1662,1223,7866,5829,2037,4629,3998,631,9513,8676,837,17007,16414,593,26005,"Allegan County, Michigan"
44469,39830,32690,1945,36170,4721,24389,688,505,0,4639,2629,1817,812,4078,2875,1203,7748,6109,1639,7404,6232,1172,9204,8445,759,13406,12555,851,26017,"Bay County, Michigan"
64783,58239,48054,3291,52159,6670,38186,653,1469,62,6544,4246,2433,1813,7974,4573,3401,10017,6551,3466,9388,6706,2682,11632,8544,3088,21526,19289,2237,26021,"Berrien County, Michigan"
53914,49092,37459,3376,42835,8125,27909,805,612,44,4822,3416,2281,1135,5342,3568,1774,10802,8531,2271,8344,6857,1487,10935,9685,1250,15075,14281,794,26025,"Calhoun County, Michigan"
29783,27349,24133,1292,25050,1937,18340,260,554,0,2434,1173,921,252,1647,1068,579,3830,2454,1376,3741,3071,670,6009,5487,522,13383,12924,459,26037,"Clinton County, Michigan"
44879,42047,35262,2370,38068,3815,28940,224,1378,0,2832,2076,1308,768,2867,2045,822,5611,4226,1385,4615,4082,533,10636,9450,1186,19074,18313,761,26045,"Eaton County, Michigan"
169469,148428,117481,7822,133353,18094,93918,2955,3294,0,21041,14553,7691,6862,17828,10700,7128,29534,21375,8159,25745,20951,4794,28356,25138,3218,53453,50706,2747,26049,"Genesee County, Michigan"
36782,34629,30660,2342,30999,2151,25640,229,710,0,2153,1221,836,385,2965,1904,1061,4016,2803,1213,5259,4697,562,7108,6194,914,16213,15367,846,26055,"Grand Traverse County, Michigan"
112170,105801,91109,4414,96774,8674,71933,1432,3469,0,6369,8949,5426,3523,12143,8301,3842,17778,12785,4993,14824,12464,2360,20352,18421,1931,38124,36798,1326,26065,"Ingham County, Michigan"
25367,23331,19377,1012,21291,2069,15112,438,795,20,2036,2632,1636,996,2988,2101,887,4327,2920,1407,3247,2424,823,5171,4507,664,7002,6509,493,26073,"Isabella County, Michigan"
62598,56227,43890,3023,49879,8271,34469,1233,1085,0,6371,4262,2657,1605,6262,3582,2680,11356,8341,3015,8789,7913,876,12694,11604,1090,19235,18254,981,26075,"Jackson County, Michigan"
104234,96664,83787,4871,87707,6538,68710,1503,1712,0,7570,6759,5006,1753,8045,5909,2136,17048,13612,3436,14580,13219,1361,19345,18086,1259,38457,37429,1028,26077,"Kalamazoo County, Michigan"
244046,226890,192016,9643,208125,20161,159879,3289,4349,0,17156,12549,7336,5213,18395,12340,6055,33539,25399,8140,34661,30273,4388,45870,42204,3666,99032,96555,2477,26081,"Kent County, Michigan"
33560,30172,25178,2143,26521,3174,19964,642,436,31,3388,2394,1651,743,2258,1438,820,4048,2796,1252,4263,3326,937,6619,6060,559,13978,13039,939,26087,"Lapeer County, Michigan"
38388,34700,27835,2121,30816,3690,23679,509,883,0,3688,1600,1082,518,3495,1878,1617,6307,4481,1826,5710,4223,1487,8093,7565,528,13183,12611,572,26091,"Lenawee County, Michigan"
72676,69688,62919,3593,64317,3908,51523,547,1977,29,2988,2137,1646,491,3150,2524,626,6596,4759,1837,7684,6715,969,12682,11519,1163,40427,38794,1633,26093,"Livingston County, Michigan"
347508,320507,270254,15643,292934,29981,218390,2816,7259,83,27001,16835,11550,5285,27105,18292,8813,49261,39868,9393,48025,41838,6187,62827,57494,5333,143455,139217,4238,26099,"Macomb County, Michigan"
26328,23233,20728,1859,19589,1264,15687,397,625,0,3095,1830,1265,565,2265,1223,1042,3499,2418,1081,4229,3543,686,5619,4995,624,8886,8184,702,26103,"Marquette County, Michigan"
34091,29947,25908,1070,27009,2331,21670,313,737,28,4144,2083,619,1464,3156,1914,1242,5604,4016,1588,3980,3296,684,6475,5979,496,12793,12377,416,26111,"Midland County, Michigan"
61586,55982,47270,3419,49291,4293,41060,1015,1098,0,5604,2678,1457,1221,5104,2498,2606,8020,6188,1832,7942,6284,1658,12748,11797,951,25094,23584,1510,26115,"Monroe County, Michigan"
67196,60713,45866,3750,53713,9962,37179,775,1713,0,6483,3944,2431,1513,7117,4807,2310,11242,8486,2756,11233,10020,1213,13196,11304,1892,20464,19112,1352,26121,"Muskegon County, Michigan"
503645,471392,424357,17941,438126,26595,347882,3776,12517,153,32253,23228,15598,7630,31372,21060,10312,56799,44390,12409,49373,42768,6605,78381,72879,5502,264492,257930,6562,26125,"Oakland County, Michigan"
103438,97207,86289,4146,89592,6921,70345,452,1938,0,6231,2903,2080,823,5887,2766,3121,11381,8683,2698,13598,11550,2048,21480,20062,1418,48189,46723,1466,26139,"Ottawa County, Michigan"
78740,69340,54540,4600,61328,8030,44785,991,1799,0,9400,6692,4048,2644,7952,5355,2597,13582,10192,3390,12147,9967,2180,14423,13262,1161,23944,22636,1308,26145,"Saginaw County, Michigan"
65751,59093,48532,3021,53459,6796,39488,788,1007,0,6658,3947,2457,1490,5782,3516,2266,9541,7196,2345,9598,8380,1218,12188,11016,1172,24695,23648,1047,26147,"St. Clair County, Michigan"
28218,25877,19941,1428,23134,4371,15605,301,401,71,2341,1175,780,395,2024,1171,853,4651,3429,1222,5208,4124,1084,6182,5629,553,8978,8363,615,26155,"Shiawassee County, Michigan"
28607,25847,21438,1365,22797,2601,16938,479,672,0,2760,1473,916,557,2887,2066,821,4070,2391,1679,3741,2950,791,6408,5873,535,10028,9477,551,26159,"Van Buren County, Michigan"
143072,137406,125861,4364,129046,5957,98132,751,3401,28,5666,12168,9545,2623,10365,8094,2271,14747,12614,2133,15320,13849,1471,21465,20335,1130,69007,66823,2184,26161,"Washtenaw County, Michigan"
687546,615308,470602,29633,563830,95059,379472,7535,16649,320,72238,81587,43801,37786,75692,46500,29192,110935,80480,30455,94650,74344,20306,117076,104061,13015,207606,195147,12459,26163,"Wayne County, Michigan"
128140,121430,108964,5355,111983,5584,89421,1197,2454,43,6710,3042,2367,675,6589,4056,2533,10201,7916,2285,13777,12136,1641,22361,20987,1374,72170,70173,1997,27003,"Anoka County, Minnesota"
26362,24699,22023,1236,22736,1469,14449,249,843,4,1663,1224,840,384,2795,2021,774,4456,3720,736,2779,2607,172,4737,4282,455,10371,9915,456,27013,"Blue Earth County, Minnesota"
36925,35284,32407,936,33439,1618,29167,140,1491,0,1641,815,418,397,1477,970,507,1768,1058,710,3738,2964,774,5144,4951,193,23983,23554,429,27019,"Carver County, Minnesota"
162496,155843,141564,5579,144764,5709,120992,1927,4453,53,6653,4247,2946,1301,7659,5201,2458,14255,11576,2679,16797,15018,1779,25847,23952,1895,93691,91697,1994,27037,"Dakota County, Minnesota"
508964,482143,435251,20825,447911,27767,341177,3850,15018,179,26821,26399,18863,7536,31100,18341,12759,57278,43452,13826,52655,45892,6763,83299,74804,8495,258233,250522,7711,27053,"Hennepin County, Minnesota"
63462,59280,52486,2685,54566,4200,43364,782,1519,0,4182,2540,1553,987,4707,2760,1947,6411,4684,1727,8067,6776,1291,9846,8998,848,31891,30555,1336,27109,"Olmsted County, Minnesota"
209287,194490,168912,9756,177221,13935,133553,2164,4944,108,14797,13078,9025,4053,14855,10889,3966,27503,21917,5586,26940,23565,3375,36177,33024,3153,90734,86621,4113,27123,"Ramsey County, Minnesota"
23358,20971,18239,1706,18766,1369,14555,55,326,10,2387,1404,1025,379,1468,733,735,3359,2503,856,3331,2829,502,3438,3219,219,10358,9771,587,27131,"Rice County, Minnesota"
84370,74214,61146,4555,65671,7725,48072,1293,1332,27,10156,5143,3004,2139,9177,4850,4327,13026,9471,3555,12558,10551,2007,15072,13267,1805,29394,27898,1496,27137,"St. Louis County, Minnesota"
50040,48144,44732,1081,45646,2084,37490,303,1425,13,1896,1065,917,148,1653,1070,583,4358,3415,943,4993,4562,431,6243,5911,332,31728,30763,965,27139,"Scott County, Minnesota"
32033,30685,26810,1069,28872,2642,21261,50,468,0,1348,937,809,128,1300,758,542,3779,3285,494,2623,2592,31,5896,5488,408,17498,16823,675,27141,"Sherburne County, Minnesota"
58510,53763,44244,3244,48675,5358,36959,491,1066,0,4747,2008,1331,677,5009,2707,2302,9455,7040,2415,7542,6084,1458,10703,9290,1413,23793,22890,903,27145,"Stearns County, Minnesota"
96387,91176,83684,3129,85454,3421,70362,583,2769,41,5211,2446,2024,422,3614,1910,1704,6339,5191,1148,9650,8581,1069,14519,12911,1608,59819,58520,1299,27163,"Washington County, Minnesota"
48863,44771,38713,2067,41620,3391,30748,205,1392,0,4092,1624,1082,542,1892,1192,700,4341,3292,1049,4927,3189,1738,7805,7449,356,28274,27355,919,27171,"Wright County, Minnesota"
63075,59578,48534,1225,56154,7053,42289,649,1547,0,3497,2225,1623,602,4245,3351,894,7684,5830,1854,9811,8379,1432,11007,10342,665,28103,27423,680,28033,"DeSoto County, Mississippi"
27248,23146,17306,930,21108,3224,14992,147,866,0,4102,3502,2179,1323,3596,2327,1269,4654,3128,1526,5569,4905,664,4644,4328,316,5283,4402,881,28035,"Forrest County, Mississippi"
82375,75683,56655,2040,70866,14200,47214,1093,2256,0,6692,9339,6295,3044,9036,5769,3267,13581,10745,2836,12797,10766,2031,14035,13240,795,23587,22201,1386,28047,"Harrison County, Mississippi"
85483,76334,56042,3026,71189,14125,44705,626,1309,0,9149,7015,4679,2336,11443,7162,4281,14613,11819,2794,13950,12167,1783,15424,14089,1335,23038,20348,2690,28049,"Hinds County, Mississippi"
51659,47455,36782,1662,45007,6108,32263,276,819,0,4204,4234,2942,1292,6506,4761,1745,7813,5524,2289,7023,5767,1256,10270,9651,619,15813,14985,828,28059,"Jackson County, Mississippi"
25098,22634,13622,774,21184,6765,12520,230,320,0,2464,1984,773,1211,2974,1162,1812,4500,2094,2406,3143,1873,1270,5130,3696,1434,7367,6127,1240,28067,"Jones County, Mississippi"
29993,25969,19775,721,24254,3687,16696,311,785,0,4024,5586,3800,1786,4666,3417,1249,3744,2789,955,5364,4609,755,4491,3583,908,6142,6049,93,28075,"Lauderdale County, Mississippi"
32527,28293,19454,1511,25990,6147,16137,211,447,0,4234,2095,698,1397,3872,2162,1710,5482,4176,1306,3961,3059,902,5435,4578,857,11682,10431,1251,28081,"Lee County, Mississippi"
40229,38604,33950,1603,36073,2910,28177,232,919,0,1625,1090,884,206,1705,1255,450,5325,4403,922,4026,3684,342,7496,7004,492,20587,20249,338,28089,"Madison County, Mississippi"
55483,51464,44216,2025,48399,4384,36707,698,1202,0,4019,2086,1337,749,4602,2622,1980,5859,4281,1578,6850,4769,2081,12137,10282,1855,23949,22625,1324,28121,"Rankin County, Mississippi"
72217,69103,60335,2146,64795,4024,47669,799,2235,0,3114,4542,3095,1447,7126,4882,2244,11872,8769,3103,9324,8292,1032,13977,12485,1492,25376,23751,1625,29019,"Boone County, Missouri"
33621,30775,23198,1569,28141,5395,18239,487,362,0,2846,1474,955,519,4147,2871,1276,5544,4219,1325,4459,3852,607,6563,5565,998,11434,10790,644,29021,"Buchanan County, Missouri"
28675,26153,22259,1090,24291,2485,18047,204,288,0,2522,2133,1688,445,2928,2125,803,5079,3813,1266,4232,3711,521,5574,5192,382,8729,8228,501,29031,"Cape Girardeau County, Missouri"
40197,37731,32653,1782,34197,2990,27954,468,960,0,2466,1221,708,513,2668,1902,766,4837,3378,1459,4775,3726,1049,8312,7384,928,18384,17787,597,29037,"Cass County, Missouri"
31421,28877,23948,777,27446,3252,20651,364,522,0,2544,1885,1204,681,2203,1154,1049,5311,4091,1220,4518,3718,800,6453,6008,445,11051,10116,935,29043,"Christian County, Missouri"
91901,87715,74687,3564,81311,7082,62878,1210,1511,0,4186,3030,2424,606,5810,4687,1123,10394,8120,2274,12890,11238,1652,17370,15128,2242,42407,40629,1778,29047,"Clay County, Missouri"
29593,27742,22909,1314,25390,3375,17714,385,416,0,1851,829,517,312,2069,957,1112,3489,2133,1356,4137,2703,1434,7208,5644,1564,11861,9642,2219,29051,"Cole County, Missouri"
40387,36712,30973,2239,33200,3433,23716,541,703,0,3675,1159,718,441,2932,1593,1339,6402,4578,1824,6064,5069,995,8498,7570,928,15332,14369,963,29071,"Franklin County, Missouri"
128691,111790,93444,5161,102091,11314,74448,2036,13429,0,16901,10088,5020,5068,18112,8384,9728,23778,15991,7787,19308,14723,4585,24179,21111,3068,33226,31362,1864,29077,"Greene County, Missouri"
288752,267004,219726,12829,246861,30468,170433,2035,5424,100,21748,17673,11923,5750,27455,16425,11030,44156,34239,9917,40649,35047,5602,52501,47644,4857,106318,99890,6428,29095,"Jackson County, Missouri"
47846,42417,31889,2446,38661,5767,26666,611,607,0,5429,3475,1823,1652,5552,3197,2355,8729,7389,1340,8205,6568,1637,10268,9612,656,11617,11222,395,29097,"Jasper County, Missouri"
85892,81341,68923,3654,74607,6042,58037,902,1726,51,4551,3214,2774,440,6391,4416,1975,11019,8479,2540,11649,10294,1355,17028,15072,1956,36591,35235,1356,29099,"Jefferson County, Missouri"
40086,38824,32919,1613,36545,3320,28483,134,650,0,1262,1036,848,188,2314,1859,455,5508,4669,839,4017,3461,556,6558,6333,225,20653,20048,605,29165,"Platte County, Missouri"
149951,143088,130546,5717,133340,7609,106290,849,3741,0,6863,3538,2236,1302,7314,5678,1636,13893,10689,3204,17068,15259,1809,26903,25754,1149,81235,79067,2168,29183,"St. Charles County, Missouri"
25670,21834,17294,712,20675,2076,14058,122,476,0,3836,1789,992,797,3870,2134,1736,4412,3804,608,3885,3446,439,4653,4343,310,7061,6812,249,29187,"St. Francois County, Missouri"
408117,378967,327143,15521,350541,24999,277577,3873,11369,36,29150,22067,14736,7331,30695,20482,10213,48799,40223,8576,51536,44219,7317,70075,65626,4449,184945,179776,5169,29189,"St. Louis County, Missouri"
144295,125685,93388,6598,114924,21686,72942,1871,2371,79,18610,17844,9221,8623,17246,8772,8474,23731,17234,6497,21003,16963,4040,23370,20116,3254,41101,38766,2335,29510,"St. Louis city, Missouri"
35558,30878,24824,1744,27392,3219,21685,474,744,0,4680,2234,935,1299,3051,2071,980,6419,4269,2150,6099,4667,1432,7319,6821,498,10436,9744,692,30013,"Cascade County, Montana"
38372,34876,31296,3096,30258,1942,20868,624,838,0,3496,1380,1006,374,3626,2666,960,6816,5405,1411,5840,5151,689,8098,7507,591,12612,11714,898,30029,"Flathead County, Montana"
44423,42082,39062,1803,39672,1888,30960,134,1010,0,2341,2522,1673,849,2433,1609,824,5496,3966,1530,5375,4843,532,8568,7836,732,20029,19683,346,30031,"Gallatin County, Montana"
27842,24917,22393,1359,22503,1678,16831,276,504,0,2925,1341,846,495,2282,1098,1184,3468,2369,1099,2915,2570,345,5939,5251,688,11897,11193,704,30049,"Lewis and Clark County, Montana"
50401,47923,43181,2459,43606,2094,33594,498,1739,0,2478,3544,3275,269,4004,2718,1286,6971,6033,938,6759,6094,665,11377,10819,558,17746,17213,533,30063,"Missoula County, Montana"
66805,60700,51947,3378,54223,4301,43686,794,1483,84,6105,4428,2982,1446,5373,3750,1623,10498,7540,2958,8359,6070,2289,13265,11894,1371,24882,24254,628,30111,"Yellowstone County, Montana"
220858,204483,176028,10179,186683,16305,145723,2569,5145,0,16375,13037,8690,4347,18035,11853,6182,26426,21002,5424,27505,24343,3162,40822,37387,3435,95033,91599,3434,31055,"Douglas County, Nebraska"
125917,118576,104557,5776,109164,7112,83089,1317,2455,40,7341,6025,4813,1212,10567,7938,2629,17910,15154,2756,18618,15694,2924,25022,23289,1733,47775,46056,1719,31109,"Lancaster County, Nebraska"
66273,63305,56836,2160,59507,3863,47647,546,1595,0,2968,1625,916,709,3347,2219,1128,7256,6123,1133,7536,6828,708,12226,11499,727,34283,33384,899,31153,"Sarpy County, Nebraska"
808605,755963,639070,28763,708909,76242,507414,4840,17127,60,52642,57609,37072,20537,63791,42870,20921,117680,91861,25819,116654,100738,15916,144780,129113,15667,308091,290828,17263,32003,"Clark County, Nevada"
185709,176054,153218,7903,163579,12898,123609,1261,14520,0,9655,8647,6382,2265,12911,8571,4340,23154,18252,4902,24657,20550,4107,39116,35244,3872,77224,75396,1828,32031,"Washoe County, Nevada"
30208,27152,23867,2345,22865,1872,18013,495,384,0,3056,595,366,229,4183,2963,1220,4162,2902,1260,4123,3471,652,5249,4627,622,11896,11504,392,33005,"Cheshire County, New Hampshire"
35394,32576,29165,2948,27146,1540,23002,420,490,0,2818,1405,690,715,3168,1708,1460,4237,3275,962,4664,3891,773,6546,5671,875,15374,13951,1423,33009,"Grafton County, New Hampshire"
161649,152929,135191,7512,139274,8014,111907,1340,3271,0,8720,6406,4429,1977,9876,6124,3752,18947,16369,2578,16208,14930,1278,24266,22239,2027,85946,82792,3154,33011,"Hillsborough County, New Hampshire"
58521,55097,50494,4615,47751,2113,39950,392,2741,54,3424,2228,1435,793,4412,3242,1170,6392,5120,1272,7153,6583,570,9011,8303,708,29325,28763,562,33013,"Merrimack County, New Hampshire"
119467,114561,105697,6466,103124,3933,85810,1041,2704,0,4906,4258,3695,563,6524,4402,2122,10563,8193,2370,9435,8739,696,18392,17420,972,70295,68582,1713,33015,"Rockingham County, New Hampshire"
48393,45144,41251,2175,40044,2044,32238,504,2088,0,3249,2850,1519,1331,3280,2327,953,5345,3665,1680,5488,4468,1020,8048,7743,305,23382,22149,1233,33017,"Strafford County, New Hampshire"
96981,90877,76112,4918,83003,9121,59360,767,3097,0,6104,5818,3718,2100,8777,5561,3216,11118,8975,2143,12293,10768,1525,18577,16885,1692,40398,38819,1579,34001,"Atlantic County, New Jersey"
339953,318296,287910,12026,297264,15973,234151,3686,6212,0,21657,12992,7885,5107,18158,11236,6922,32516,24326,8190,26760,23243,3517,42754,39734,3020,206773,200833,5940,34003,"Bergen County, New Jersey"
166698,156495,141172,7469,142484,9055,115373,1415,6580,0,10203,5273,4015,1258,7889,4554,3335,13744,10407,3337,17901,15346,2555,28686,24880,3806,93205,90541,2664,34005,"Burlington County, New Jersey"
188840,172891,144953,9028,157186,16654,120500,1860,5060,36,15949,12081,8138,3943,17353,11017,6336,25081,18608,6473,18802,15909,2893,28901,25903,2998,86622,82710,3912,34007,"Camden County, New Jersey"
39208,36467,33301,2928,31956,1345,25155,521,1222,0,2741,1809,1128,681,3464,1955,1509,4420,3633,787,4766,4343,423,6756,5953,803,17993,17233,760,34009,"Cape May County, New Jersey"
50034,44617,36827,2541,39105,3686,30451,1382,1043,8,5417,4383,2824,1559,6182,3322,2860,7079,5867,1212,6567,6162,405,9150,7511,1639,16673,16144,529,34011,"Cumberland County, New Jersey"
289921,266330,213513,9598,249697,34048,177094,1976,5184,0,23591,24962,16056,8906,28723,19596,9127,37255,27816,9439,28200,24187,4013,42155,35485,6670,128626,122105,6521,34013,"Essex County, New Jersey"
101414,95140,85475,5050,87276,5762,70029,652,2630,0,6274,2893,1813,1080,5657,4293,1364,10620,7964,2656,10680,9304,1376,16407,14893,1514,55157,54240,917,34015,"Gloucester County, New Jersey"
263924,246399,212675,6155,236019,23132,159061,1937,6492,0,17525,18843,12953,5890,20911,13659,7252,29075,23132,5943,25581,21590,3991,38289,35855,2434,131225,126565,4660,34017,"Hudson County, New Jersey"
47733,45515,42626,2056,42238,1311,36805,227,996,0,2218,1321,861,460,1514,722,792,3819,2845,974,3443,2943,500,5801,5376,425,31835,31525,310,34019,"Hunterdon County, New Jersey"
132980,124528,106954,6289,114081,11555,83195,966,2131,0,8452,8474,5578,2896,8889,5559,3330,13738,10490,3248,11469,8172,3297,19537,16258,3279,70873,67692,3181,34021,"Mercer County, New Jersey"
285480,269001,236119,11571,249020,17640,195315,2918,6447,114,16479,12474,8291,4183,13977,9439,4538,26484,20453,6031,25703,20560,5143,44441,39777,4664,162401,157505,4896,34023,"Middlesex County, New Jersey"
236327,221863,202031,10214,204567,8505,175194,2139,7107,92,14464,9982,6046,3936,11229,6794,4435,21004,16261,4743,16969,14076,2893,32943,29766,3177,144200,140063,4137,34025,"Monmouth County, New Jersey"
181738,172181,162311,8168,158178,4808,132918,1635,5006,0,9557,4946,3633,1313,6481,3824,2657,12035,9602,2433,12663,11153,1510,22377,20889,1488,123236,119345,3891,34027,"Morris County, New Jersey"
228622,205540,184348,18854,175981,8942,139488,2698,6260,40,23082,9184,6347,2837,17146,10514,6632,30731,20583,10148,26782,21479,5303,39726,33780,5946,105053,97674,7379,34029,"Ocean County, New Jersey"
169521,156615,127367,4404,148441,19324,100468,982,3001,0,12906,9107,5138,3969,14927,9274,5653,18934,13559,5375,16580,14273,2307,24925,21779,3146,85048,79937,5111,34031,"Passaic County, New Jersey"
23952,22042,17896,1004,20334,2689,14230,122,253,0,1910,1848,1062,786,2098,1250,848,3123,2590,533,2523,2237,286,4053,3474,579,10307,9861,446,34033,"Salem County, New Jersey"
118729,114618,107325,3831,107237,3133,94920,1074,3759,37,4111,3854,2867,987,4134,2966,1168,9039,7728,1311,7062,6376,686,12766,11625,1141,81874,79973,1901,34035,"Somerset County, New Jersey"
53749,51259,47897,2075,47539,1603,40805,233,1845,0,2490,1679,1257,422,2287,1532,755,3794,3181,613,4750,4063,687,7592,7094,498,33647,32941,706,34037,"Sussex County, New Jersey"
192021,174469,151437,7433,163247,13869,125336,733,3110,47,17552,7194,4492,2702,12477,8032,4445,20164,14725,5439,18443,14514,3929,30178,27120,3058,103565,97691,5874,34039,"Union County, New Jersey"
41742,37737,33116,3088,32136,2015,26095,1089,714,58,4005,1746,1155,591,2809,1621,1188,4608,3081,1527,4651,3865,786,5923,5398,525,22005,20883,1122,34041,"Warren County, New Jersey"
270655,250248,206795,12260,231122,31127,154399,1955,5528,75,20407,24337,14579,9758,26874,19279,7595,44281,33406,10875,36691,30023,6668,46368,40280,6088,92104,85264,6840,35001,"Bernalillo County, New Mexico"
22616,19376,14664,1432,17007,3118,12069,334,336,0,3240,1182,619,563,3054,1546,1508,4688,3517,1171,3343,2428,915,4402,2929,1473,5947,5295,652,35005,"Chaves County, New Mexico"
80409,70212,53994,2821,65984,11781,42227,52,1987,0,10197,8166,4497,3669,13435,6516,6919,18433,11568,6865,8788,5631,3157,11812,9857,1955,19775,17779,1996,35013,"Doña Ana County, New Mexico"
23215,21057,14277,337,20144,4554,11140,249,212,78,2158,1436,542,894,2745,1458,1287,3347,2335,1012,3785,3131,654,4491,4100,391,7411,7117,294,35025,"Lea County, New Mexico"
21449,13598,7655,670,12149,4801,5901,318,557,0,7851,3653,823,2830,2969,526,2443,4392,1769,2623,2394,1314,1080,3979,2712,1267,4062,3388,674,35031,"McKinley County, New Mexico"
23747,21840,18749,1588,19040,1573,13914,593,154,0,1907,3588,2492,1096,2246,1315,931,3918,3108,810,3910,3377,533,4683,4151,532,5402,5107,295,35035,"Otero County, New Mexico"
53996,48489,41345,3249,43618,5334,24932,365,1472,0,5507,2633,1797,836,4777,3186,1591,7027,5614,1413,9901,8680,1221,12300,11235,1065,17358,16661,697,35043,"Sandoval County, New Mexico"
43707,36996,29912,2980,32153,3984,24940,772,1544,0,6711,5001,1986,3015,5135,2920,2215,7319,4665,2654,5910,4654,1256,7627,6081,1546,12715,11277,1438,35045,"San Juan County, New Mexico"
62707,55119,47674,2813,49741,4383,38826,972,2106,45,7588,3565,2383,1182,5063,2942,2121,8587,6236,2351,9532,7929,1603,11215,9445,1770,24745,23379,1366,35049,"Santa Fe County, New Mexico"
28379,25003,19455,1463,22544,4996,13765,0,864,0,3376,2570,1450,1120,3882,2004,1878,5272,3609,1663,3816,2759,1057,4981,4607,374,7858,6931,927,35061,"Valencia County, New Mexico"
126578,114748,96953,6417,103651,9779,80235,1096,3065,0,11830,7509,5455,2054,9014,4739,4275,17822,13370,4452,15523,13406,2117,20486,17971,2515,56224,53756,2468,36001,"Albany County, New York"
507370,449984,311163,15637,419934,90997,267252,6791,14889,95,57386,76862,46395,30467,77273,47610,29663,83457,62974,20483,63280,52905,10375,78932,70551,8381,127566,118953,8613,36005,"Bronx County, New York"
75539,68759,58401,5817,58901,6186,45375,1048,1284,0,6780,6464,4827,1637,9027,6632,2395,12519,9429,3090,8947,7911,1036,13775,12254,1521,24807,24093,714,36007,"Broome County, New York"
32079,26799,21721,2195,22892,2592,17573,548,234,23,5280,1771,885,886,3919,2176,1743,6083,3918,2165,4826,3667,1159,5885,5309,576,9595,8536,1059,36009,"Cattaraugus County, New York"
30083,26806,21876,2202,23024,2934,17065,718,301,0,3277,1551,846,705,3026,1641,1385,4103,3022,1081,5663,4968,695,4972,4296,676,10768,9868,900,36011,"Cayuga County, New York"
53429,46451,39962,4632,38354,2809,29955,982,1527,50,6978,3557,1708,1849,8157,4870,3287,9761,7199,2562,7204,5769,1435,9282,8371,911,15468,14755,713,36013,"Chautauqua County, New York"
34325,30456,24766,1942,26418,3199,19836,447,811,0,3869,2848,1609,1239,3092,1997,1095,6052,5174,878,4277,3701,576,6734,6132,602,11322,10202,1120,36015,"Chemung County, New York"
31392,28840,25556,2464,23037,1970,19694,350,415,0,2552,1982,1249,733,2855,1899,956,3524,2616,908,4703,4367,336,6490,5921,569,11838,10960,878,36019,"Clinton County, New York"
108071,101278,88840,6525,91248,5113,73681,1208,1887,0,6793,5436,3482,1954,8603,5700,2903,11856,9716,2140,9314,7694,1620,15246,13875,1371,57616,56039,1577,36027,"Dutchess County, New York"
390341,349864,292350,23737,307511,28940,241380,5792,8381,126,40477,26160,16533,9627,37361,23866,13495,59546,45167,14379,48666,41105,7561,71038,63486,7552,147570,141523,6047,36029,"Erie County, New York"
44657,40785,34308,1624,36519,3242,27134,833,1042,43,3872,3698,2463,1235,3055,2026,1029,7950,6655,1295,6229,4937,1292,10006,8876,1130,13719,13239,480,36045,"Jefferson County, New York"
969317,862989,741849,32798,809353,76206,589462,8577,40347,181,106328,88792,54830,33962,103671,61285,42386,123633,92424,31209,99621,79771,19850,135502,120144,15358,418098,394478,23620,36047,"Kings County, New York"
23746,21860,19185,1443,19325,1138,14893,400,492,30,1886,1110,949,161,2724,1922,802,2755,2178,577,3312,2466,846,4714,4343,371,9131,8768,363,36051,"Livingston County, New York"
26127,23602,20210,1213,20718,2253,17295,265,673,55,2525,1148,666,482,2312,1241,1071,3455,3107,348,3669,3030,639,5479,5017,462,10064,9590,474,36053,"Madison County, New York"
301668,275770,233686,15581,246428,21464,193212,3715,7710,105,25898,21035,13476,7559,30153,19524,10629,43168,33790,9378,35387,30997,4390,50406,46775,3631,121519,117866,3653,36055,"Monroe County, New York"
447123,421870,388050,20268,389100,17877,310674,3369,23662,70,25253,14171,9967,4204,19517,12937,6580,33498,25442,8056,29950,23864,6086,46128,41253,4875,303859,294799,9060,36059,"Nassau County, New York"
752258,695861,629554,23304,660964,43465,463760,3887,28800,266,56397,63965,40036,23929,66510,42639,23871,68995,55563,13432,57562,47588,9974,85761,75331,10430,409465,396045,13420,36061,"New York County, New York"
89765,79356,66897,5414,69558,7021,50779,1524,1724,65,10409,6607,4537,2070,10604,6626,3978,12093,8849,3244,11393,8937,2456,15608,13671,1937,33460,31328,2132,36063,"Niagara County, New York"
88871,79346,68169,4171,68827,5516,58150,2326,1636,0,9525,6084,4401,1683,9622,6343,3279,14037,10582,3455,11557,9602,1955,16885,15521,1364,30686,29220,1466,36065,"Oneida County, New York"
185046,163493,142982,12064,144714,12741,105702,2674,4034,41,21553,12158,5645,6513,18113,10040,8073,24542,17744,6798,22702,16480,6222,31851,27627,4224,75680,71821,3859,36067,"Onondaga County, New York"
44079,40692,36959,2366,36618,1385,30273,388,514,0,3387,1945,1370,575,3775,2447,1328,5350,4519,831,5836,5364,472,8689,7418,1271,18484,17638,846,36069,"Ontario County, New York"
128259,116218,96913,6871,104054,10190,80261,1930,3832,0,12041,5846,3879,1967,11161,6992,4169,15200,11373,3827,13144,10522,2622,18045,15607,2438,64863,60870,3993,36071,"Orange County, New York"
46270,41390,35395,2831,35251,2842,30191,852,623,0,4880,3616,2298,1318,4787,3372,1415,6791,5660,1131,6402,5530,872,7715,6787,928,16959,16198,761,36075,"Oswego County, New York"
35425,33517,30902,1733,30069,992,26367,968,685,10,1908,593,476,117,1528,1249,279,2446,1597,849,2912,2129,783,5612,5276,336,22334,21744,590,36079,"Putnam County, New York"
788110,727774,606562,28818,678737,80304,456136,7516,17090,199,60336,43159,28109,15050,60943,38800,22143,100199,78495,21704,86634,72096,14538,132482,118799,13683,364693,344472,20221,36081,"Queens County, New York"
64614,60061,51306,4443,53243,4708,40376,363,1387,59,4553,3242,2349,893,4175,2748,1427,7045,5228,1817,6982,6360,622,12946,11816,1130,30224,29461,763,36083,"Rensselaer County, New York"
167441,153692,133409,8458,137954,9713,113393,3261,4232,201,13749,11541,6886,4655,12020,7081,4939,15245,9773,5472,14030,11258,2772,22603,19040,3563,92002,86137,5865,36085,"Richmond County, New York"
99502,88477,78948,5536,78850,4270,64628,594,3431,0,11025,3561,2484,1077,8225,4195,4030,9718,7089,2629,7926,6205,1721,13628,11343,2285,56444,53729,2715,36087,"Rockland County, New York"
41680,36032,29865,3038,29812,2971,24738,1143,2534,0,5648,2717,1589,1128,5556,3638,1918,6275,4538,1737,6409,4744,1665,7109,6248,861,13614,13393,221,36089,"St. Lawrence County, New York"
94156,88679,79678,5307,78981,5408,61149,1090,2306,51,5477,2510,1299,1211,4868,3189,1679,8977,6432,2545,9898,8657,1241,15814,14818,996,52089,50458,1631,36091,"Saratoga County, New York"
55262,50432,41287,3522,44053,3742,35648,822,876,0,4830,3107,2075,1032,5645,3606,2039,6890,5127,1763,6113,5124,989,9549,8588,961,23958,22731,1227,36093,"Schenectady County, New York"
40578,35590,30328,3237,30228,3091,22047,526,716,0,4988,2441,1308,1133,4369,2748,1621,6467,5024,1443,5075,4477,598,8403,7238,1165,13823,12618,1205,36101,"Steuben County, New York"
496784,467856,429325,25905,424396,17943,340405,4674,12472,253,28928,17619,13479,4140,26931,19067,7864,37832,29609,8223,38388,32150,6238,64488,58729,5759,311526,298550,12976,36103,"Suffolk County, New York"
28900,25630,20609,2210,22384,2476,17496,223,564,0,3270,1592,748,844,4366,2988,1378,4107,3117,990,3832,2923,909,4849,4327,522,10154,9748,406,36105,"Sullivan County, New York"
40250,38483,34872,2521,34106,1171,26362,455,803,84,1767,2899,1951,948,3712,3039,673,5875,4639,1236,5249,4226,1023,7034,6181,853,15481,14941,540,36109,"Tompkins County, New York"
69154,64596,56015,4293,56967,4850,41664,846,3045,0,4558,3619,3169,450,6255,4403,1852,8438,6430,2008,7960,6672,1288,12572,11499,1073,30310,29517,793,36111,"Ulster County, New York"
28007,24347,21096,2741,19092,1232,16871,768,292,0,3660,1238,854,384,2590,1802,788,4123,2441,1682,4010,2895,1115,5427,4776,651,10619,10004,615,36113,"Warren County, New York"
35927,31970,26869,1859,28452,2199,23112,908,845,0,3957,1121,703,418,3166,1763,1403,4791,3839,952,5088,4426,662,7414,6323,1091,14347,13166,1181,36117,"Wayne County, New York"
352498,327815,286769,14649,302484,21878,243473,2886,9810,0,24683,16360,10434,5926,23259,15106,8153,33333,25379,7954,27857,22917,4940,44584,38326,6258,207105,200077,7028,36119,"Westchester County, New York"
64700,57378,47347,2638,52208,6161,37256,1061,1604,0,7322,4097,1865,2232,6840,4345,2495,10675,7306,3369,10748,8722,2026,11881,10288,1593,20459,19173,1286,37001,"Alamance County, North Carolina"
56752,53603,46203,3431,47542,3292,39308,863,1038,0,3149,3984,3400,584,4016,2652,1364,8471,7696,775,6393,5652,741,12276,11860,416,21612,21230,382,37019,"Brunswick County, North Carolina"
108411,96027,78944,3535,88618,10602,63488,1120,2025,0,12384,4920,2063,2857,10949,5911,5038,18300,13862,4438,15599,12436,3163,20872,19268,1604,37771,36619,1152,37021,"Buncombe County, North Carolina"
36157,31861,23378,2718,27568,5510,18279,699,559,0,4296,2003,1288,715,4114,1753,2361,7516,4334,3182,6106,4468,1638,6606,5384,1222,9812,9441,371,37023,"Burke County, North Carolina"
73751,70142,62378,2780,65570,4020,52776,532,1322,0,3609,3044,2463,581,5297,3820,1477,9922,8292,1630,7600,7042,558,13193,12464,729,34695,33884,811,37025,"Cabarrus County, North Carolina"
31544,27293,19983,1619,24264,4584,16519,428,372,0,4251,1829,1301,528,5318,3091,2227,6273,5051,1222,4761,4384,377,4785,4264,521,8578,7692,886,37027,"Caldwell County, North Carolina"
28720,26753,23065,1324,24268,2201,18434,532,1049,0,1967,1325,1180,145,2135,1532,603,5205,4101,1104,4235,3828,407,6262,5709,553,9558,9250,308,37031,"Carteret County, North Carolina"
62861,56607,45996,3025,51621,6570,37525,736,1041,0,6254,3162,1904,1258,7299,5071,2228,9762,6810,2952,9019,7882,1137,13531,12502,1029,20088,18780,1308,37035,"Catawba County, North Carolina"
28343,25874,23021,1623,23074,1405,18390,149,280,0,2469,1207,956,251,1500,522,978,3934,2280,1654,2592,2178,414,4948,3564,1384,14162,13175,987,37037,"Chatham County, North Carolina"
34574,28405,22122,2121,24785,3725,16779,810,1401,0,6169,3806,1435,2371,4053,1836,2217,6296,3049,3247,5621,3897,1724,5550,4483,1067,9248,8238,1010,37045,"Cleveland County, North Carolina"
40412,37486,31099,2005,34116,3808,25787,178,2128,0,2926,3240,1860,1380,4124,2909,1215,7530,6208,1322,5057,4770,287,7608,7302,306,12853,11776,1077,37049,"Craven County, North Carolina"
127911,117600,96755,4565,109903,14340,77417,810,9202,105,10311,9817,7406,2411,15583,11202,4381,20876,17867,3009,21742,19282,2460,23181,21214,1967,36712,35382,1330,37051,"Cumberland County, North Carolina"
68761,61118,49103,3671,55273,6969,38245,542,803,44,7643,4731,2922,1809,8304,4047,4257,12078,9281,2797,12375,11167,1208,12902,11208,1694,18371,16674,1697,37057,"Davidson County, North Carolina"
127527,121670,106502,3416,114800,11488,81619,868,10530,0,5857,6776,5594,1182,8647,6263,2384,21593,17613,3980,17558,16134,1424,22398,19789,2609,50555,49302,1253,37063,"Durham County, North Carolina"
150437,138253,110005,5649,127227,21407,82196,1912,4028,28,12184,12430,6912,5518,15759,8406,7353,24898,17236,7662,23335,19472,3863,25670,22751,2919,48345,46531,1814,37067,"Forsyth County, North Carolina"
26380,23339,19800,949,21023,2418,15027,502,1986,0,3041,793,375,418,2343,1523,820,4043,3055,988,3853,3435,418,5053,4461,592,10295,9626,669,37069,"Franklin County, North Carolina"
84999,75886,62812,4853,68623,9157,47686,845,2571,0,9113,4786,3643,1143,9036,5430,3606,14578,10626,3952,11681,9379,2302,17259,15297,1962,27659,26397,1262,37071,"Gaston County, North Carolina"
209842,189359,161557,9993,173941,16436,128115,1496,4246,39,20483,14955,8768,6187,21592,13535,8057,33987,25006,8981,30360,24696,5664,36905,32505,4400,72043,67523,4520,37081,"Guilford County, North Carolina"
46015,42502,35295,1650,39966,5021,29559,262,875,0,3513,2490,1339,1151,5464,2764,2700,6342,4697,1645,8184,6439,1745,9054,8092,962,14481,13740,741,37085,"Harnett County, North Carolina"
49514,44766,37716,2708,39903,4471,30319,491,1504,0,4748,2351,1819,532,5226,3120,2106,9041,7119,1922,6250,5200,1050,9022,8120,902,17624,16618,1006,37089,"Henderson County, North Carolina"
68328,62711,54390,2844,57272,4830,43896,703,1608,0,5617,2243,1554,689,5492,3726,1766,9497,7647,1850,10068,8899,1169,14909,13388,1521,26119,24990,1129,37097,"Iredell County, North Carolina"
70001,64027,54955,2751,59404,5552,41783,695,2078,0,5974,2486,889,1597,4993,1934,3059,12207,8435,3772,8967,6457,2510,14911,12368,2543,26437,24761,1676,37101,"Johnston County, North Carolina"
34233,31886,25998,841,29946,4178,23232,431,541,0,2347,1571,1252,319,2816,2068,748,3140,1971,1169,5510,4872,638,7069,6549,520,14127,13882,245,37109,"Lincoln County, North Carolina"
418135,400351,351007,12185,378465,30561,280488,3624,7807,40,17784,20865,14668,6197,26153,19785,6368,58230,46222,12008,55331,50336,4995,74570,69455,5115,182986,177660,5326,37119,"Mecklenburg County, North Carolina"
40756,36601,32532,2517,31884,2753,25158,344,1189,0,4155,2913,1475,1438,3570,2367,1203,5028,3734,1294,5392,4950,442,8408,7879,529,15445,14678,767,37125,"Moore County, North Carolina"
37767,33542,26701,2259,29899,4660,19949,543,633,0,4225,1614,864,750,4287,2593,1694,6069,5066,1003,6284,4875,1409,7366,6140,1226,12147,11376,771,37127,"Nash County, North Carolina"
98151,93018,82421,3257,87124,5780,66221,1114,2292,0,5133,9461,7139,2322,8618,6569,2049,13780,10955,2825,13948,12522,1426,18127,16551,1576,34217,33119,1098,37129,"New Hanover County, North Carolina"
66834,64394,56454,2011,60459,5271,44663,541,1299,0,2440,5384,4610,774,4505,2722,1783,11263,10275,988,11362,10612,750,13765,13172,593,20555,20311,244,37133,"Onslow County, North Carolina"
53959,50631,47455,1553,48391,1816,39131,225,1567,0,3328,3519,2736,783,3286,2281,1005,6634,5091,1543,6246,5886,360,8507,7589,918,25767,24234,1533,37135,"Orange County, North Carolina"
69288,62255,52237,2071,58404,6173,40605,632,444,0,7033,7924,5562,2362,8844,6185,2659,10707,8264,2443,11442,9638,1804,11471,9629,1842,18900,18206,694,37147,"Pitt County, North Carolina"
54783,49837,38954,2877,44806,7773,30887,896,540,0,4946,3602,2346,1256,6273,3779,2494,9493,7098,2395,9396,7426,1970,10141,8844,1297,15878,14742,1136,37151,"Randolph County, North Carolina"
46026,38868,25825,2006,35361,9957,19187,643,1257,0,7158,6423,2828,3595,6156,2669,3487,10417,6762,3655,6719,5151,1568,7942,5724,2218,8369,7601,768,37155,"Robeson County, North Carolina"
37476,28486,23396,2426,24580,3739,15944,503,398,0,8990,3369,1292,2077,6368,2918,3450,6653,3845,2808,4917,3645,1272,6464,5337,1127,9705,8406,1299,37157,"Rockingham County, North Carolina"
53806,47046,37229,2737,42166,5494,32168,927,628,0,6760,3153,2167,986,6726,3755,2971,9038,6787,2251,9813,8775,1038,8643,7426,1217,16433,15575,858,37159,"Rowan County, North Carolina"
26305,22134,18108,1417,19508,2386,14901,337,465,0,4171,2708,1462,1246,4287,2141,2146,4065,2539,1526,3895,2959,936,4637,4131,506,6713,6217,496,37161,"Rutherford County, North Carolina"
29230,23524,18718,1683,20746,3262,13062,311,1062,0,5706,2578,811,1767,4022,1665,2357,4941,2817,2124,3354,2366,988,5758,3549,2209,8577,6411,2166,37171,"Surry County, North Carolina"
77696,73978,63635,2114,69564,5664,56812,607,2240,0,3718,1342,1142,200,3812,2401,1411,8632,6634,1998,9389,8925,464,12335,11552,783,42186,41516,670,37179,"Union County, North Carolina"
408473,396038,360673,10211,378430,19754,304424,2150,9518,0,12435,14152,11176,2976,20392,14570,5822,40448,33702,6746,46732,42006,4726,70538,65273,5265,216211,210822,5389,37183,"Wake County, North Carolina"
49019,42724,30849,2356,38492,7187,26973,939,790,0,6295,3470,1772,1698,6698,4237,2461,10451,8316,2135,8490,7673,817,7538,6699,839,12372,11439,933,37191,"Wayne County, North Carolina"
30123,25891,20512,2272,22053,3402,15730,579,474,0,4232,2144,947,1197,4627,2310,2317,6235,4817,1418,4469,3534,935,6614,6342,272,6034,5679,355,37193,"Wilkes County, North Carolina"
31817,26628,19508,1662,23825,4625,15966,342,820,0,5189,3251,1503,1748,5289,3044,2245,5498,4653,845,3449,2714,735,5557,5015,542,8773,7966,807,37195,"Wilson County, North Carolina"
40736,37729,33766,1735,33864,1834,28503,644,1647,0,3007,1473,975,498,2715,1607,1108,4841,3339,1502,4489,3489,1000,7740,6618,1122,19478,17867,1611,38015,"Burleigh County, North Dakota"
74343,69466,60476,2461,64924,5760,48878,307,1520,0,4877,3310,2132,1178,7293,4176,3117,7898,5598,2300,11471,9763,1708,12150,10719,1431,32221,30912,1309,38017,"Cass County, North Dakota"
30916,28146,23796,740,26869,1804,19643,292,194,0,2770,3258,1437,1821,2177,1462,715,4918,3766,1152,4218,3507,711,5705,4804,901,10640,9732,908,38035,"Grand Forks County, North Dakota"
27887,24927,20020,1077,23075,3425,17365,341,403,0,2960,2303,782,1521,2502,1409,1093,3464,2595,869,3112,2811,301,5360,4925,435,11146,10681,465,38101,"Ward County, North Dakota"
41204,36955,29992,2608,32713,3955,24478,483,607,0,4249,2541,1425,1116,4707,2725,1982,7022,5669,1353,6619,5905,714,8529,7982,547,11786,11328,458,39003,"Allen County, Ohio"
35445,29614,22846,2552,25076,4132,18748,624,776,0,5831,4020,2746,1274,4960,2587,2373,4808,3853,955,5242,4692,550,6358,5304,1054,10057,9378,679,39007,"Ashtabula County, Ohio"
22533,19965,16776,1443,17323,2042,12096,212,422,0,2568,3263,1962,1301,3224,2005,1219,4141,3335,806,3263,2932,331,2508,2345,163,6134,5774,360,39009,"Athens County, Ohio"
24742,20117,16257,1139,18098,2530,11869,283,565,0,4625,841,450,391,2966,1501,1465,4571,2624,1947,3910,3027,883,4657,3853,804,7797,7039,758,39013,"Belmont County, Ohio"
143040,132630,110931,5398,123430,14155,93486,1144,2359,91,10410,8536,6053,2483,11121,7447,3674,20246,15069,5177,19776,17064,2712,25301,22980,2321,58060,56622,1438,39017,"Butler County, Ohio"
55327,50284,39277,3111,44032,6177,32425,864,718,30,5043,3490,2409,1081,5566,3925,1641,9067,6921,2146,9640,8495,1145,11304,10754,550,16260,15553,707,39023,"Clark County, Ohio"
77920,72215,65377,3721,64984,3142,52775,594,1011,0,5705,3695,2169,1526,5666,3771,1895,10720,8137,2583,8469,7577,892,15953,14968,985,33417,32099,1318,39025,"Clermont County, Ohio"
41884,36332,28090,2039,32576,4969,22429,485,350,0,5552,3166,1865,1301,4806,2918,1888,8775,6383,2392,6790,5740,1050,6579,6208,371,11768,11129,639,39029,"Columbiana County, Ohio"
542122,484796,393145,26508,437908,57060,313799,6717,10012,145,57326,55429,31584,23845,60729,37374,23355,84038,63532,20506,71288,58585,12703,87989,80133,7856,182649,175693,6956,39035,"Cuyahoga County, Ohio"
70501,69078,63698,1943,65400,3063,56957,363,1996,0,1423,1662,1359,303,1954,1656,298,4363,3784,579,6233,6074,159,10779,10263,516,45510,44876,634,39041,"Delaware County, Ohio"
31675,28788,24543,2869,24711,2058,18708,310,835,0,2887,2443,1838,605,1969,1021,948,6248,4339,1909,5254,4401,853,5791,4732,1059,9970,8657,1313,39043,"Erie County, Ohio"
55934,51556,45099,3388,45916,3676,36597,551,986,0,4378,2912,1828,1084,3382,1749,1633,8661,6177,2484,5788,4499,1289,9661,9021,640,25530,24218,1312,39045,"Fairfield County, Ohio"
519468,487921,406115,16639,456595,52252,339976,4031,16515,198,31547,32454,21266,11188,40193,29550,10643,72491,57526,14965,70734,62322,8412,98228,90929,7299,205368,198993,6375,39049,"Franklin County, Ohio"
35387,31533,27906,1656,28334,1622,24006,402,454,0,3854,882,626,256,1495,796,699,3588,2636,952,3634,3033,601,6306,4679,1627,19482,17847,1635,39055,"Geauga County, Ohio"
66053,61005,53485,2174,56925,4328,45411,476,977,0,5048,4558,3098,1460,5070,3475,1595,7067,5845,1222,7548,6531,1017,11443,9870,1573,30367,29791,576,39057,"Greene County, Ohio"
344562,314575,265210,14990,288125,28258,210404,3060,17939,139,29987,27996,18995,9001,33387,22479,10908,48292,39305,8987,43447,36760,6687,60246,55695,4551,131194,126881,4313,39061,"Hamilton County, Ohio"
31606,29276,23841,1811,26297,2336,20973,561,1062,0,2330,1780,1396,384,2275,1641,634,5394,4027,1367,3157,2857,300,6520,6095,425,12480,12027,453,39063,"Hancock County, Ohio"
27292,22011,16721,1549,19346,3269,13424,270,442,0,5281,2206,889,1317,4451,2969,1482,5843,4059,1784,3043,2474,569,5152,4785,367,6597,6198,399,39081,"Jefferson County, Ohio"
96577,90290,78743,5383,80163,6371,63886,1191,2661,27,6287,3093,2342,751,6300,4068,2232,12702,10058,2644,14167,12154,2013,18798,16921,1877,41517,39702,1815,39085,"Lake County, Ohio"
62237,57298,50041,2991,51065,3308,43273,697,1905,0,4939,3000,1890,1110,5390,3510,1880,6816,5225,1591,8088,7177,911,10616,9944,672,28327,27065,1262,39089,"Licking County, Ohio"
121344,113148,99261,9607,98715,7443,74407,1230,2425,0,8196,8168,4169,3999,11403,6159,5244,15586,11371,4215,15932,12906,3026,22576,19733,2843,47679,44307,3372,39093,"Lorain County, Ohio"
178289,161733,125965,7710,146479,19634,109675,2372,2888,156,16556,18860,12151,6709,19850,12617,7233,31638,25866,5772,22674,19484,3190,31821,28755,3066,53446,51763,1683,39095,"Lucas County, Ohio"
97365,86026,68809,6366,74841,9681,55686,1989,1314,0,11339,7490,4694,2796,11276,6987,4289,15979,12045,3934,15237,12380,2857,16536,15132,1404,30847,29678,1169,39099,"Mahoning County, Ohio"
24205,21948,16105,1265,19463,3461,13415,193,506,121,2257,2483,1724,759,3311,2032,1279,3685,2718,967,4344,3415,929,4393,4108,285,5989,5735,254,39101,"Marion County, Ohio"
70609,66715,60634,2953,60740,3259,50108,709,1439,0,3894,2200,1793,407,3813,2787,1026,7854,5491,2363,7752,6914,838,13192,11836,1356,35798,33382,2416,39103,"Medina County, Ohio"
41148,37220,30783,2432,33648,3960,25293,482,785,0,3928,2530,1695,835,3408,1819,1589,5018,3884,1134,6803,5988,815,7116,6623,493,16273,15877,396,39109,"Miami County, Ohio"
224225,203538,164068,10956,183999,23494,132399,3005,3902,0,20687,18427,11528,6899,24784,16439,8345,35440,28498,6942,31697,28626,3071,40049,37533,2516,73828,70934,2894,39113,"Montgomery County, Ohio"
34471,30345,24780,2333,26186,2819,20989,606,668,0,4126,2867,1991,876,4325,3062,1263,5449,3818,1631,4730,3838,892,6117,5492,625,10983,10366,617,39119,"Muskingum County, Ohio"
60801,55835,48678,3061,49989,3829,40338,833,1123,0,4966,3168,2126,1042,5701,3626,2075,8698,6547,2151,6779,5024,1755,10277,9373,904,26178,24454,1724,39133,"Portage County, Ohio"
48105,40628,33683,3485,34804,3509,26019,692,1099,0,7477,4275,2266,2009,4829,2928,1901,7390,5114,2276,7697,6293,1404,10672,9615,1057,13242,12532,710,39139,"Richland County, Ohio"
29779,26239,21149,2055,22244,2667,18106,891,547,0,3540,3434,2370,1064,3187,1818,1369,5175,3304,1871,4045,3210,835,4998,4625,373,8940,8287,653,39141,"Ross County, Ohio"
28719,25187,19349,970,22492,3006,16869,388,654,0,3532,3895,2271,1624,4528,3012,1516,5422,4262,1160,3178,2927,251,4357,4193,164,7339,6605,734,39145,"Scioto County, Ohio"
152210,136562,110194,6633,121862,14709,95342,1997,3192,0,15648,10493,5676,4817,16554,10911,5643,25014,18026,6988,20753,18038,2715,28905,26851,2054,50491,48708,1783,39151,"Stark County, Ohio"
226243,205924,173499,12342,185551,18311,140405,2622,5437,87,20319,13512,8636,4876,20510,14361,6149,32380,25259,7121,29803,25586,4217,40523,36841,3682,89515,86012,3503,39153,"Summit County, Ohio"
83303,72800,58046,4741,65261,8602,48568,497,1105,0,10503,7717,5381,2336,10390,6150,4240,14249,10875,3374,11178,8742,2436,16602,14722,1880,23167,21776,1391,39155,"Trumbull County, Ohio"
36740,32281,23724,1827,28780,4099,22572,456,751,22,4459,1293,758,535,4890,2504,2386,5751,4063,1688,6539,5175,1364,5953,5211,742,12314,11677,637,39157,"Tuscarawas County, Ohio"
83540,80591,73715,2482,75559,3722,65661,909,1734,29,2949,2075,1656,419,3913,3186,727,7872,6987,885,6490,5693,797,15357,14150,1207,47833,46344,1489,39165,"Warren County, Ohio"
43908,37666,32881,2381,33413,2422,24851,607,736,0,6242,1739,1039,700,3406,1773,1633,6586,4456,2130,6239,4810,1429,10118,9209,909,15820,14571,1249,39169,"Wayne County, Ohio"
50694,47790,41352,2542,43442,3219,33812,482,570,0,2904,2630,1690,940,4087,3081,1006,7796,6103,1693,4964,4330,634,9343,8052,1291,21874,20308,1566,39173,"Wood County, Ohio"
45344,42784,37756,1513,39765,3439,32000,132,1190,0,2560,923,711,212,2825,1737,1088,5068,4384,684,5684,5215,469,10218,9548,670,20626,19930,696,40017,"Canadian County, Oklahoma"
110775,104885,90744,3420,99582,9293,72994,631,2614,0,5890,6977,4666,2311,6864,4275,2589,14449,12452,1997,15954,12985,2969,21244,19411,1833,45287,43765,1522,40027,"Cleveland County, Oklahoma"
42489,39368,30891,1749,37018,5899,24842,177,739,0,3121,2867,1974,893,4837,3689,1148,6062,4951,1111,6450,5977,473,9230,8522,708,13043,12488,555,40031,"Comanche County, Oklahoma"
26957,24167,18235,1417,22018,3872,15057,191,3280,0,2790,1685,1173,512,2914,1335,1579,4274,2739,1535,3243,2760,483,5248,4354,894,9593,8996,597,40037,"Creek County, Oklahoma"
26566,22845,17853,782,21242,3489,12272,321,1922,0,3721,2418,1082,1336,3030,1586,1444,4846,3356,1490,4044,2787,1257,5153,4496,657,7075,6408,667,40101,"Muskogee County, Oklahoma"
302645,277983,219445,10703,261101,39899,176524,1989,8031,112,24662,20368,13120,7248,27895,18649,9246,50275,39816,10459,44188,37762,6426,56680,51291,5389,103239,98337,4902,40109,"Oklahoma County, Oklahoma"
30734,28837,23691,1172,26683,3069,19422,179,740,0,1897,3812,2246,1566,3249,2456,793,5200,4001,1199,3570,3252,318,5916,5299,617,8987,8319,668,40119,"Payne County, Oklahoma"
26714,23730,17864,1166,21949,4003,14547,250,531,0,2984,2213,1349,864,3247,2188,1059,4471,3224,1247,3829,3240,589,5334,4828,506,7620,7075,545,40125,"Pottawatomie County, Oklahoma"
35254,33299,26519,1458,31096,4355,22487,294,688,0,1955,1806,1206,600,2223,1310,913,4753,3532,1221,5713,4459,1254,6272,5368,904,14487,13715,772,40131,"Rogers County, Oklahoma"
250492,232795,188839,8562,217915,29440,153611,1540,6035,0,17697,17096,11890,5206,22287,14458,7829,37309,29795,7514,36420,31132,5288,45222,41207,4015,92158,89024,3134,40143,"Tulsa County, Oklahoma"
30186,28356,23878,927,26680,2514,20406,151,1160,0,1830,1173,919,254,2226,1397,829,3655,2827,828,4312,3980,332,5872,5430,442,12948,12394,554,40145,"Wagoner County, Oklahoma"
35520,34172,31678,1451,31299,1521,24700,227,1210,0,1348,3072,2835,237,3420,3006,414,4663,3973,690,3113,2836,277,5911,5593,318,15341,14984,357,41003,"Benton County, Oregon"
158749,151173,139470,8190,138259,5737,113078,1215,4025,0,7576,5872,4003,1869,7263,5177,2086,16432,12104,4328,15111,12898,2213,28406,25432,2974,85665,82025,3640,41005,"Clackamas County, Oregon"
79950,76811,70078,3113,71868,3217,54371,423,2131,0,3139,3345,2084,1261,6347,4316,2031,9329,7606,1723,9860,8195,1665,15652,14668,984,35417,34168,1249,41017,"Deschutes County, Oregon"
45647,41312,36192,3827,35543,3129,25843,242,633,0,4335,2068,1262,806,5759,4544,1215,8439,6523,1916,7825,5894,1931,9683,9019,664,11873,11205,668,41019,"Douglas County, Oregon"
89787,85224,72262,3850,78045,8341,55130,1311,2389,0,4563,6021,3444,2577,7196,4873,2323,14727,11245,3482,12261,11790,471,17551,16045,1506,32031,30310,1721,41029,"Jackson County, Oregon"
37059,34437,28404,2875,28642,3960,21668,772,1186,0,2622,3061,2316,745,4247,2985,1262,5985,4291,1694,5775,4638,1137,7612,6615,997,10379,9320,1059,41033,"Josephine County, Oregon"
26798,24545,19558,1539,21459,2683,16086,527,619,0,2253,2349,1507,842,3496,2582,914,4614,3481,1133,3954,3435,519,5193,4715,478,7192,6606,586,41035,"Klamath County, Oregon"
156072,147852,129557,9006,132240,11440,97287,757,3609,0,8220,10634,7164,3470,15605,12092,3513,24969,21368,3601,21188,19815,1373,31412,28258,3154,52264,50763,1501,41039,"Lane County, Oregon"
48464,45112,38094,2509,40738,3964,29819,258,485,0,3352,1929,1018,911,4728,2721,2007,6826,5248,1578,8297,7367,930,10791,10101,690,15893,15083,810,41043,"Linn County, Oregon"
119511,113504,93554,5584,103030,11703,74207,1892,2095,40,6007,6022,3989,2033,11563,7814,3749,17589,14617,2972,17933,15411,2522,22066,19688,2378,44338,41832,2506,41047,"Marion County, Oregon"
330223,313993,278785,9919,297293,22960,215941,2099,6950,0,16230,19051,13150,5901,24859,17488,7371,39416,32608,6808,36488,33688,2800,52841,49007,3834,157568,152118,5450,41051,"Multnomah County, Oregon"
31218,29947,26033,1757,26722,1493,21173,253,977,0,1271,1559,1356,203,3554,2607,947,3448,3112,336,4412,3861,551,5436,5104,332,12809,12664,145,41053,"Polk County, Oregon"
26048,23525,19663,976,21412,1723,16634,315,543,0,2523,1747,1260,487,2918,1753,1165,3691,2667,1024,3345,2625,720,5189,4541,648,9158,8459,699,41059,"Umatilla County, Oregon"
225955,219361,199725,7970,205625,10835,162669,1818,6745,0,6594,6157,4956,1201,10879,8344,2535,22251,19293,2958,26454,23601,2853,36424,33800,2624,123790,119707,4083,41067,"Washington County, Oregon"
37235,34198,30714,2138,30324,863,25112,377,1072,0,3037,3395,2434,961,2451,1454,997,5345,3561,1784,4275,3556,719,5927,5694,233,15842,14701,1141,41071,"Yamhill County, Oregon"
39570,35438,30095,2662,30854,2979,22515,402,1179,75,4132,1336,1091,245,3463,2071,1392,4791,3513,1278,4942,4178,764,8732,7746,986,16306,15840,466,42001,"Adams County, Pennsylvania"
543369,492748,423214,27875,442876,37644,341169,8096,10712,74,50621,37717,26053,11664,50728,34378,16350,77566,59136,18430,64606,54699,9907,89603,83460,6143,223149,216054,7095,42003,"Allegheny County, Pennsylvania"
27332,23305,19398,2027,19212,1877,15455,739,730,47,4027,1702,908,794,3025,1447,1578,4510,3155,1355,4435,3185,1250,4718,4182,536,8942,8698,244,42005,"Armstrong County, Pennsylvania"
73059,65150,53728,4732,57535,7012,41647,502,1148,0,7909,4755,2771,1984,7127,4200,2927,13520,9833,3687,8841,7454,1387,12844,11538,1306,25972,25372,600,42007,"Beaver County, Pennsylvania"
157006,140835,116958,8395,125895,13401,93271,2199,4753,151,16171,7806,4690,3116,12035,7599,4436,23073,15515,7558,17865,14233,3632,30539,26690,3849,65688,62041,3647,42011,"Berks County, Pennsylvania"
51096,44563,36405,3524,38250,5835,23004,823,446,0,6533,3311,1481,1830,7156,4394,2762,7900,5576,2324,7218,6202,1016,8605,7856,749,16906,16002,904,42013,"Blair County, Pennsylvania"
239962,224426,204804,10311,205377,9986,171064,2595,4857,0,15536,6827,4640,2187,11651,7192,4459,23544,17797,5747,20489,17500,2989,39824,36373,3451,137627,133676,3951,42017,"Bucks County, Pennsylvania"
77764,69909,60829,4482,61311,3951,49573,1693,1215,0,7855,3330,2325,1005,6430,4084,2346,10123,6909,3214,8123,6465,1658,14719,13493,1226,35039,34143,896,42019,"Butler County, Pennsylvania"
56483,47274,38595,4282,38898,4438,30829,1522,1312,35,9209,4655,2638,2017,6907,3999,2908,10466,7026,3440,8065,6418,1647,9904,8842,1062,16486,15239,1247,42021,"Cambria County, Pennsylvania"
25177,22212,18196,2232,18649,1703,15432,683,466,0,2965,1555,898,657,2201,1243,958,4759,3599,1160,3499,2703,796,4052,3437,615,9111,8910,201,42025,"Carbon County, Pennsylvania"
58514,54021,49856,4043,48064,1908,37176,443,2330,0,4493,6727,5171,1556,4702,3207,1495,6864,5743,1121,8512,6164,2348,9281,8094,1187,22428,21343,1085,42027,"Centre County, Pennsylvania"
192746,181591,166158,7764,167691,8626,135540,911,4973,69,11155,5899,4456,1443,8730,5510,3220,14713,11998,2715,14614,10845,3769,29342,26551,2791,119448,115501,3947,42029,"Chester County, Pennsylvania"
31992,27618,23184,2617,23106,1962,17810,717,561,0,4374,2599,1569,1030,4117,2090,2027,5499,4340,1159,5179,3915,1264,5733,5102,631,8865,8418,447,42033,"Clearfield County, Pennsylvania"
26655,23104,19198,2243,19519,2342,14129,354,354,18,3551,2149,1269,880,2669,1352,1317,4980,2971,2009,3289,2831,458,5327,4845,482,8241,7957,284,42037,"Columbia County, Pennsylvania"
34386,30534,25667,3040,24617,2273,20165,782,855,45,3852,1835,1267,568,3586,2235,1351,6597,4947,1650,4568,3862,706,7419,6535,884,10381,9934,447,42039,"Crawford County, Pennsylvania"
102243,93642,85091,6193,81786,4003,65500,1950,2077,0,8601,3624,2096,1528,5668,3613,2055,13092,9962,3130,12938,10355,2583,19025,17693,1332,47896,45532,2364,42041,"Cumberland County, Pennsylvania"
112559,100349,82698,7053,88646,10425,61326,1922,5636,120,12210,6902,4794,2108,8233,5149,3084,15319,11247,4072,18331,14162,4169,20936,18051,2885,42838,40198,2640,42043,"Dauphin County, Pennsylvania"
207499,192335,164158,9066,175508,17987,135813,2045,4022,0,15164,9758,6796,2962,13866,9525,4341,24763,18034,6729,23798,20063,3735,35832,32364,3468,99482,96572,2910,42045,"Delaware County, Pennsylvania"
109797,99226,80567,6246,86883,12018,64390,2022,2518,14,10571,8063,6329,1734,11910,7827,4083,21243,15933,5310,15232,13036,2196,19656,18055,1601,33693,32482,1211,42049,"Erie County, Pennsylvania"
56085,46577,36597,3227,40673,4995,30892,889,806,45,9508,4420,2657,1763,6511,3031,3480,9024,5926,3098,6724,5350,1374,10545,9249,1296,18861,17616,1245,42051,"Fayette County, Pennsylvania"
59834,52587,45347,4266,45295,3479,36216,393,1525,111,7247,2890,709,2181,6146,3480,2666,6064,4424,1640,9394,8127,1267,13395,11955,1440,21945,20374,1571,42055,"Franklin County, Pennsylvania"
33098,28166,24232,2715,24136,2331,18188,353,838,0,4932,2572,1576,996,3990,2166,1824,4970,3997,973,5123,3513,1610,6279,5301,978,10164,9619,545,42063,"Indiana County, Pennsylvania"
88268,78054,65752,4575,69753,7190,50365,1279,1324,0,10214,5276,3344,1932,11282,7147,4135,12341,8769,3572,12456,10637,1819,19049,17303,1746,27864,27033,831,42069,"Lackawanna County, Pennsylvania"
202490,178584,156746,11255,157781,12336,121359,2258,5026,71,23906,8128,3899,4229,14370,8975,5395,25892,18304,7588,26796,19418,7378,39132,33879,5253,88172,80366,7806,42071,"Lancaster County, Pennsylvania"
37497,33138,27459,2264,28552,3196,21504,543,304,0,4359,3009,2062,947,4820,3081,1739,6331,4897,1434,5194,4384,810,6965,6508,457,11178,10379,799,42073,"Lawrence County, Pennsylvania"
54522,48370,41084,3707,41594,3312,35391,791,1145,0,6152,2520,2129,391,4566,3031,1535,7282,5183,2099,7047,6111,936,11921,10833,1088,21186,20389,797,42075,"Lebanon County, Pennsylvania"
138586,125750,105885,6125,114110,11717,87621,1923,3470,0,12836,6988,5009,1979,11164,6880,4284,20994,14955,6039,19473,16155,3318,22225,20738,1487,57742,54841,2901,42077,"Lehigh County, Pennsylvania"
128301,111582,88146,7795,98798,14664,70035,1586,2931,0,16719,9638,6679,2959,14494,7330,7164,19261,13030,6231,16412,13898,2514,24319,21996,2323,44177,42357,1820,42079,"Luzerne County, Pennsylvania"
44585,39568,33385,3403,32546,2976,27548,1121,1057,0,5017,3225,1741,1484,4689,1986,2703,5471,4238,1233,6182,5292,890,9713,8974,739,15305,14435,870,42081,"Lycoming County, Pennsylvania"
46809,40032,33107,2958,34929,3638,26552,427,699,16,6777,3248,2393,855,6270,4011,2259,7825,5435,2390,6489,5561,928,9084,8392,692,13893,12421,1472,42085,"Mercer County, Pennsylvania"
55109,51142,45445,3429,45751,2868,35611,500,1431,0,3967,2953,2203,750,4941,3536,1405,6440,4678,1762,7408,6436,972,10007,9042,965,23360,22300,1060,42089,"Monroe County, Pennsylvania"
313336,297278,271697,13201,274101,12460,226229,3339,7776,82,16058,10567,6529,4038,15885,10858,5027,27702,21337,6365,27784,24531,3253,49190,46222,2968,182208,177930,4278,42091,"Montgomery County, Pennsylvania"
114996,103676,90104,5903,93372,6940,71497,913,5289,102,11320,4085,2754,1331,8939,4686,4253,14244,9633,4611,13429,11443,1986,22164,18519,3645,52135,50134,2001,42095,"Northampton County, Pennsylvania"
38816,32302,25779,2558,27900,4140,20096,691,872,40,6514,3148,1517,1631,4885,2639,2246,7612,5081,2531,4495,3607,888,6564,6029,535,12112,11403,709,42097,"Northumberland County, Pennsylvania"
608233,535555,418611,22311,494967,75874,334176,6329,11811,71,72678,79444,48018,31426,75651,46874,28777,94757,68819,25938,70987,58388,12599,100788,87882,12906,186606,176568,10038,42101,"Philadelphia County, Pennsylvania"
58458,48816,41113,4209,41213,4352,30474,859,899,0,9642,4224,2173,2051,7938,4758,3180,9850,5889,3961,7929,6655,1274,10851,9253,1598,17666,16703,963,42107,"Schuylkill County, Pennsylvania"
28796,23338,19502,2493,19315,1761,15703,529,424,13,5458,1463,465,998,3128,1471,1657,5313,3180,2133,3981,3174,807,5902,5204,698,9009,8208,801,42111,"Somerset County, Pennsylvania"
85835,76469,64066,4352,67903,7093,53961,1144,1106,10,9366,4680,2526,2154,6865,3747,3118,11823,8347,3476,10832,9033,1799,15656,14731,925,35979,34751,1228,42125,"Washington County, Pennsylvania"
150368,134120,115450,10098,115445,10727,89627,2444,2974,61,16248,7807,4896,2911,13235,7264,5971,22733,16553,6180,20314,16316,3998,27403,25035,2368,58876,56493,2383,42129,"Westmoreland County, Pennsylvania"
173958,157877,132650,8322,143224,13939,112437,1992,3692,75,16081,8038,5577,2461,13753,7874,5879,21814,15124,6690,21800,17112,4688,34417,29520,4897,74136,71330,2806,42133,"York County, Pennsylvania"
69115,62650,55855,3347,55987,3514,46151,740,1515,0,6465,3924,2901,1023,5078,2618,2460,6688,5001,1687,8946,7351,1595,13566,11926,1640,30913,29747,1166,44003,"Kent County, Rhode Island"
34316,31736,28803,2619,27588,1303,22880,374,1350,0,2580,1264,887,377,3020,1845,1175,3475,2664,811,3561,3097,464,4832,4255,577,18164,17824,340,44005,"Newport County, Rhode Island"
237038,207634,168688,10561,189910,20641,140966,2250,3965,66,29404,20482,12348,8134,26765,15615,11150,32274,24737,7537,26073,20717,5356,40951,35478,5473,90493,87293,3200,44007,"Providence County, Rhode Island"
47680,45424,41024,2280,40575,1411,35747,830,1838,0,2256,1275,1040,235,2339,1522,817,4350,3766,584,3816,3517,299,8140,7566,574,27760,27301,459,44009,"Washington County, Rhode Island"
68609,61741,48013,2974,56754,9572,38601,712,967,0,6868,4988,3342,1646,7688,4519,3169,9681,7417,2264,10164,8236,1928,13188,11382,1806,22900,22074,826,45003,"Aiken County, South Carolina"
78500,70796,54876,3479,64777,9135,47834,1106,1709,0,7704,5585,2963,2622,10388,6847,3541,12286,8588,3698,9525,7816,1709,14761,12528,2233,25955,25073,882,45007,"Anderson County, South Carolina"
74679,71091,59795,1926,66116,6830,53940,1060,2050,73,3588,3676,3011,665,4603,2983,1620,9806,8374,1432,10633,8821,1812,14005,13030,975,31956,31140,816,45013,"Beaufort County, South Carolina"
78168,72804,60738,4282,66474,7980,49511,581,2007,0,5364,4681,2919,1762,5140,3295,1845,10974,8349,2625,9664,7155,2509,15869,14170,1699,31840,29616,2224,45015,"Berkeley County, South Carolina"
160457,151084,119649,4461,142971,23438,85206,1512,3308,104,9373,9265,6235,3030,13327,8053,5274,21498,15665,5833,18774,14231,4543,28025,24985,3040,69568,65006,4562,45019,"Charleston County, South Carolina"
25308,19772,14170,1408,17441,3877,11508,441,669,0,5536,3553,1062,2491,4137,1742,2395,5448,3600,1848,2929,1700,1229,3855,3329,526,5386,4600,786,45031,"Darlington County, South Carolina"
55799,53575,45152,2090,49684,5967,34966,668,1272,0,2224,3198,2509,689,4862,3406,1456,6789,5322,1467,5545,4755,790,9857,8758,1099,25548,23997,1551,45035,"Dorchester County, South Carolina"
50518,44153,34037,2097,40539,7592,25652,451,315,0,6365,5471,2867,2604,5125,2505,2620,7713,5350,2363,7467,4886,2581,10082,7685,2397,14660,13765,895,45041,"Florence County, South Carolina"
192556,176584,148036,7922,162940,18087,121575,1756,4553,0,15972,11883,7450,4433,14713,9287,5426,28905,22800,6105,23028,20110,2918,37789,34444,3345,76238,72829,3409,45045,"Greenville County, South Carolina"
27962,23532,16971,1308,21512,4484,13176,238,208,0,4430,2948,1771,1177,2737,1710,1027,5647,3653,1994,4623,3819,804,5240,4848,392,6767,6114,653,45047,"Greenwood County, South Carolina"
131180,122384,98929,6346,110105,16417,72166,1314,10555,61,8796,6975,4522,2453,13878,8891,4987,24742,19744,4998,21420,18613,2807,27786,25176,2610,36379,34490,1889,45051,"Horry County, South Carolina"
24756,22514,19156,1430,20118,1632,15638,401,2988,0,2242,1697,1363,334,2346,1673,673,4763,3825,938,3125,2613,512,6102,5315,787,6723,6490,233,45055,"Kershaw County, South Carolina"
35710,32816,25727,1328,30457,4789,22503,429,2491,0,2894,1248,1131,117,5187,3356,1831,5200,3667,1533,4113,3470,643,6070,5556,514,13892,13215,677,45057,"Lancaster County, South Carolina"
25423,20856,15226,986,19426,3526,12876,190,938,0,4567,2996,973,2023,2554,982,1572,4519,3510,1009,4806,3899,907,4230,3827,403,6318,5860,458,45059,"Laurens County, South Carolina"
115566,106203,89089,3620,99985,10899,76372,962,1938,40,9363,6701,4080,2621,8456,5421,3035,17278,13447,3831,16028,13783,2245,21729,20379,1350,45374,43754,1620,45063,"Lexington County, South Carolina"
31612,26826,21915,2373,23604,2907,18656,0,719,0,4786,2777,1948,829,4242,1672,2570,5872,3417,2455,3666,3049,617,5735,4872,863,9320,8501,819,45073,"Oconee County, South Carolina"
33561,28506,20318,1284,26410,5145,16330,345,493,0,5055,4944,1719,3225,5256,3168,2088,5907,3990,1917,5979,5039,940,5798,4977,821,5677,5404,273,45075,"Orangeburg County, South Carolina"
48185,42948,34219,1883,39197,4535,30407,572,857,77,5237,3116,1199,1917,6569,3056,3513,8567,6136,2431,6948,5271,1677,8944,8396,548,14041,13928,113,45077,"Pickens County, South Carolina"
152227,143986,120782,4464,135923,15383,95710,1348,20072,0,8241,14268,9150,5118,12971,9041,3930,23164,17243,5921,22201,18812,3389,30295,27913,2382,49328,47370,1958,45079,"Richland County, South Carolina"
116018,103498,83883,5123,94606,11363,69314,1232,2146,61,12520,7731,4614,3117,10906,5701,5205,17310,12255,5055,17710,14934,2776,21942,19489,2453,40419,37924,2495,45083,"Spartanburg County, South Carolina"
40396,35352,27418,1244,32888,5385,21162,412,1307,0,5044,2393,1318,1075,4468,2747,1721,8340,6138,2202,6856,5506,1350,8711,7336,1375,9628,9491,137,45085,"Sumter County, South Carolina"
100623,94575,81115,3164,89495,7435,68288,543,14668,0,6048,5599,3546,2053,7257,4889,2368,14775,11699,3076,12247,10697,1550,17348,16571,777,43397,41841,1556,45091,"York County, South Carolina"
76630,71368,61581,3170,65926,5926,48435,749,1646,0,5262,3139,2053,1086,6744,4119,2625,10840,7919,2921,10901,9078,1823,15246,14308,938,29760,28577,1183,46099,"Minnehaha County, South Dakota"
44794,40973,34189,2801,36068,3745,26902,622,2388,0,3821,1903,1447,456,3525,2262,1263,8508,5803,2705,5724,4749,975,8617,7959,658,16517,15705,812,46103,"Pennington County, South Dakota"
29505,26829,20981,1297,24123,2397,19529,428,862,0,2676,2092,1588,504,3400,2767,633,5051,3685,1366,3969,3495,474,6362,5280,1082,8631,8418,213,47001,"Anderson County, Tennessee"
51446,46314,39276,2554,41673,4096,30128,671,1459,92,5132,2720,1798,922,4529,2581,1948,6739,5259,1480,8239,6096,2143,9877,8498,1379,19342,18074,1268,47009,"Blount County, Tennessee"
39104,34702,27345,1245,31996,3675,24145,712,355,0,4402,2567,1264,1303,3595,1989,1606,6372,5150,1222,6641,5413,1228,8348,7605,743,11581,10920,661,47011,"Bradley County, Tennessee"
283445,266714,222329,10281,249303,26581,181213,1975,27212,0,16731,16604,12025,4579,22200,16676,5524,38213,32064,6149,39090,35201,3889,51382,46564,4818,115956,112745,3211,47037,"Davidson County, Tennessee"
27316,23846,17936,1541,21225,3560,15597,267,545,0,3470,2060,1448,612,3241,1806,1435,4866,3170,1696,3977,3552,425,6311,5206,1105,6861,6221,640,47059,"Greene County, Tennessee"
146057,132588,111722,5627,122897,13453,88878,1119,3371,0,13469,8807,5821,2986,12581,7523,5058,23218,16509,6709,19532,17338,2194,26686,24186,2500,55233,53870,1363,47065,"Hamilton County, Tennessee"
185416,170004,143078,6059,159886,17723,119991,1099,4713,0,15412,12591,7908,4683,18412,9796,8616,27106,20462,6644,23743,19458,4285,34472,31495,2977,69092,67472,1620,47093,"Knox County, Tennessee"
39223,35486,26731,2382,31634,6640,20855,375,194,0,3737,3883,2864,1019,5057,3456,1601,6017,4753,1264,6669,6190,479,5423,4607,816,12174,11453,721,47113,"Madison County, Tennessee"
34361,31470,26817,1568,28908,3190,22254,85,724,0,2891,1908,881,1027,2987,2016,971,6655,4790,1865,4284,3692,592,5646,5463,183,12881,12476,405,47119,"Maury County, Tennessee"
72973,69879,59885,2317,65720,5938,50550,318,1450,0,3094,4848,3719,1129,5725,4610,1115,11929,10029,1900,10386,9771,615,14044,13493,551,26041,25140,901,47125,"Montgomery County, Tennessee"
33388,30404,24721,1508,27731,2644,20292,513,487,0,2984,1852,985,867,4342,2793,1549,7086,5597,1489,5104,3882,1222,5707,4835,872,9297,9180,117,47141,"Putnam County, Tennessee"
26375,24237,19453,420,23395,3058,15551,91,782,0,2138,1170,913,257,1840,832,1008,3776,3094,682,2678,2280,398,4742,4140,602,12169,11619,550,47147,"Robertson County, Tennessee"
115376,109975,94810,3593,104218,8513,78702,513,7760,0,5401,4791,3728,1063,6534,4440,2094,12834,11546,1288,18609,15715,2894,25633,22964,2669,46975,46210,765,47149,"Rutherford County, Tennessee"
36861,33051,25427,1473,29813,3417,22527,1083,614,0,3810,1968,1395,573,4331,2253,2078,6776,5117,1659,5825,5035,790,8038,7264,774,9923,9273,650,47155,"Sevier County, Tennessee"
352648,299329,229191,10949,279934,47028,193729,3720,7430,69,53319,35405,17718,17687,45531,23363,22168,55628,38334,17294,45232,36263,8969,59399,51084,8315,111453,103039,8414,47157,"Shelby County, Tennessee"
64504,56805,45744,3612,49572,6598,37475,668,1931,0,7699,5223,3001,2222,9168,5307,3861,10862,8209,2653,9621,8225,1396,11322,10268,1054,18308,17463,845,47163,"Sullivan County, Tennessee"
68439,63714,52135,2124,59197,6070,45912,1242,1360,0,4725,3196,2116,1080,4509,2884,1625,8108,6552,1556,8641,7475,1166,14687,13747,940,29298,28347,951,47165,"Sumner County, Tennessee"
54433,48983,39057,1928,45093,6168,34163,500,1764,55,5450,4853,2995,1858,6741,3724,3017,8859,6308,2551,7308,6272,1036,10152,9188,964,16520,16176,344,47179,"Washington County, Tennessee"
80601,78435,75611,1278,75743,1298,66378,0,5114,326,2166,1727,1552,175,2515,1708,807,4281,3581,700,6266,5735,531,11680,11000,680,54132,53285,847,47187,"Williamson County, Tennessee"
52489,49222,43070,1628,45931,3214,37700,242,1562,126,3267,1596,1159,437,3789,2071,1718,5741,3842,1899,5272,3966,1306,8965,8392,573,27126,25570,1556,47189,"Wilson County, Tennessee"
29898,27305,22762,1454,24337,2547,19287,244,564,0,2593,2170,1694,476,3055,2138,917,6684,5385,1299,3954,3522,432,6023,5284,739,8012,7958,54,48005,"Angelina County, Texas"
25334,22616,17270,800,21392,2511,14738,347,529,0,2718,1560,989,571,2353,1276,1077,2960,2403,557,2709,2174,535,4158,3561,597,11594,10714,880,48021,"Bastrop County, Texas"
123188,113934,98380,6315,101955,7673,82916,2441,2319,0,9254,7644,6140,1504,10632,8060,2572,17558,13744,3814,20317,18410,1907,24678,22669,2009,42359,39889,2470,48027,"Bell County, Texas"
644193,599824,472098,18953,567142,87372,391529,4330,27489,0,44369,54666,29246,25420,61883,38664,23219,94117,72199,21918,89217,74034,15183,117287,105251,12036,227023,217391,9632,48029,"Bexar County, Texas"
35228,28762,23046,1375,26724,3622,12187,258,399,0,6466,4283,2127,2156,4014,1599,2415,4746,3913,833,5261,3677,1584,6589,5366,1223,10335,9222,1113,48037,"Bowie County, Texas"
120802,112721,95788,3279,107189,12773,74796,394,2623,93,8081,5054,3568,1486,7715,5662,2053,15484,12497,2987,10846,8778,2068,22504,21030,1474,59199,57640,1559,48039,"Brazoria County, Texas"
81030,77581,68546,2174,73422,4805,57480,677,2624,0,3449,9270,6358,2912,7302,5578,1724,14409,11415,2994,9448,7045,2403,13842,11999,1843,26759,25624,1135,48041,"Brazos County, Texas"
124812,103473,69863,3363,97246,23302,61573,1017,1499,0,21339,14362,5067,9295,19724,7411,12313,24338,12706,11632,15608,9299,6309,22610,14217,8393,28170,21194,6976,48061,"Cameron County, Texas"
344824,339237,316964,7268,327545,14398,258685,1025,17729,0,5587,12832,10004,2828,12540,9090,3450,25441,22448,2993,30478,28071,2407,53559,50080,3479,209974,204846,5128,48085,"Collin County, Texas"
53182,50023,44123,1681,47188,4270,38310,398,2122,0,3159,2156,1556,600,2488,1542,946,6074,4494,1580,6783,5998,785,8465,8124,341,27216,26324,892,48091,"Comal County, Texas"
21491,19416,15998,1288,17487,1950,12369,79,229,6,2075,1246,817,429,2274,1413,861,5113,4316,797,2761,2093,668,4038,3649,389,6059,5989,70,48099,"Coryell County, Texas"
937438,857816,688900,23665,818981,119555,557983,3964,67974,190,79622,53340,31392,21948,69749,41387,28362,134322,93974,40348,129685,102853,26832,181940,158195,23745,368402,348600,19802,48113,"Dallas County, Texas"
297899,291597,265203,5333,281519,15707,233508,741,9055,0,6302,9910,7991,1919,12521,9363,3158,24678,21010,3668,32307,29686,2621,46293,42865,3428,172190,168661,3529,48121,"Denton County, Texas"
54326,50290,35073,1642,47544,8762,29752,776,2233,0,4036,2339,931,1408,4003,2089,1914,7553,5735,1818,6132,4795,1337,10789,9938,851,23510,21710,1800,48135,"Ector County, Texas"
58633,56550,47502,1192,53645,6460,39981,231,1456,0,2083,1338,983,355,3644,2686,958,6041,5285,756,5905,5396,509,10807,9960,847,30898,29932,966,48139,"Ellis County, Texas"
270160,242853,185370,6123,232160,41929,147525,1747,4520,0,27307,25679,14096,11583,37583,24510,13073,49019,37121,11898,37885,31916,5969,47708,43256,4452,72286,64824,7462,48141,"El Paso County, Texas"
245410,238410,221399,4008,230281,9801,191675,1226,5548,74,7000,7830,6116,1714,9743,6115,3628,20802,18365,2437,21134,18795,2339,41408,38763,2645,144493,140933,3560,48157,"Fort Bend County, Texas"
121976,113916,95023,2655,109446,11569,78974,651,3367,0,8060,7721,6175,1546,8897,7090,1807,13690,11203,2487,12582,10902,1680,18502,15687,2815,60584,56704,3880,48167,"Galveston County, Texas"
48963,45238,35024,1697,42934,7408,27395,84,1178,0,3725,3532,1357,2175,4299,2164,2135,7845,4790,3055,7616,5109,2507,9296,7382,1914,16375,14003,2372,48181,"Grayson County, Texas"
45513,41130,29325,1546,38874,8849,24677,233,601,0,4383,3413,2103,1310,5031,3126,1905,7149,5614,1535,6498,4928,1570,7670,6778,892,15752,15259,493,48183,"Gregg County, Texas"
54789,51249,43692,1801,47942,4877,36589,368,1302,0,3540,2038,1142,896,3418,1865,1553,5532,4654,878,6631,5099,1532,10225,9711,514,26945,26053,892,48187,"Guadalupe County, Texas"
1600357,1494324,1202852,37706,1427346,200260,998502,8649,38912,156,106033,103453,68502,34951,134692,92452,42240,233096,181856,51240,203456,173082,30374,277725,251489,26236,647935,619965,27970,48201,"Harris County, Texas"
22928,19904,15950,1223,18193,2266,11662,154,425,0,3024,1775,673,1102,1664,507,1157,3703,2264,1439,4150,2460,1690,3737,2575,1162,7899,6762,1137,48203,"Harrison County, Texas"
75164,72177,62736,1658,69088,6970,48178,250,1806,0,2987,5119,3984,1135,5853,4240,1613,9165,7078,2087,7584,6199,1385,13808,12605,1203,33635,32385,1250,48209,"Hays County, Texas"
30843,26604,19440,1287,24285,4891,14954,218,316,12,4239,1959,1193,766,5155,3024,2131,6189,4113,2076,4096,3814,282,4955,4293,662,8489,8307,182,48213,"Henderson County, Texas"
237323,199322,131925,6210,188377,49405,108933,1949,3425,0,38001,29166,12783,16383,37007,18957,18050,43445,27119,16326,31414,23051,8363,39017,30946,8071,57274,50846,6428,48215,"Hidalgo County, Texas"
34132,31608,24588,1254,29512,5241,20645,267,694,0,2524,1617,1117,500,3941,2360,1581,6474,4585,1889,3818,3154,664,5431,5039,392,12851,11985,866,48231,"Hunt County, Texas"
90839,81520,56896,2692,76700,16262,49025,757,1652,83,9319,9810,5383,4427,9637,5336,4301,15908,10718,5190,11697,10141,1556,14132,12421,1711,29655,27575,2080,48245,"Jefferson County, Texas"
59180,55953,45869,1500,53968,6359,38562,150,1234,0,3227,2718,2025,693,3475,2453,1022,6344,4801,1543,9522,8813,709,13088,12055,1033,24033,23362,671,48251,"Johnson County, Texas"
39049,35515,28832,860,33998,4589,24650,215,5113,0,3534,1851,964,887,2773,1603,1170,4905,2648,2257,3876,2726,1150,7971,7182,789,17673,16532,1141,48257,"Kaufman County, Texas"
27468,23281,16971,1117,21268,4425,12859,338,626,0,4187,1794,923,871,2396,845,1551,4887,3830,1057,3842,2559,1283,6249,5646,603,8300,7896,404,48291,"Liberty County, Texas"
115686,107416,84970,1983,103466,14344,73598,631,2742,0,8270,10782,6583,4199,12890,8727,4163,17774,12874,4900,15997,13002,2995,18218,16704,1514,40025,36646,3379,48303,"Lubbock County, Texas"
92158,81549,64373,2683,76230,11998,51360,973,1619,0,10609,8347,5335,3012,11113,7210,3903,14492,9989,4503,12875,10650,2225,15549,14429,1120,29782,27251,2531,48309,"McLennan County, Texas"
57636,54356,43756,863,52326,7367,34659,353,1363,0,3280,2103,1134,969,4448,2545,1903,4771,3792,979,5470,4428,1042,9062,8226,836,31782,29984,1798,48329,"Midland County, Texas"
202797,195652,168316,5724,187012,16165,137315,1108,4954,0,7145,10207,7963,2244,10166,7673,2493,20630,17326,3304,23579,20893,2686,33325,31086,2239,104890,101369,3521,48339,"Montgomery County, Texas"
23442,20500,15879,506,19456,2659,14268,232,317,0,2942,1736,933,803,3277,2025,1252,3848,3245,603,3761,3251,510,4559,3736,823,6261,5692,569,48347,"Nacogdoches County, Texas"
129987,116753,78632,3577,110316,22469,69321,913,13587,0,13234,8279,5118,3161,13840,7800,6040,18315,13302,5013,19078,16336,2742,22112,20212,1900,48363,46595,1768,48355,"Nueces County, Texas"
30047,26975,20459,877,25486,4245,15820,187,221,0,3072,1370,898,472,2776,2121,655,4023,3307,716,4923,3625,1298,5253,4624,629,11702,11079,623,48361,"Orange County, Texas"
46238,43889,37789,875,42025,4126,30435,264,970,0,2349,2889,1064,1825,1291,845,446,5290,4403,887,5335,4546,789,8774,6900,1874,22659,21808,851,48367,"Parker County, Texas"
45550,40998,27916,1318,38811,9958,20507,224,376,0,4552,4779,2605,2174,5132,3492,1640,10917,7918,2999,6308,5889,419,8639,6909,1730,9775,8715,1060,48375,"Potter County, Texas"
49457,47611,40817,1613,45111,3866,33664,89,1840,11,1846,1600,1388,212,2511,1891,620,7179,5628,1551,5533,4719,814,10050,9734,316,22584,21874,710,48381,"Randall County, Texas"
34590,33925,30684,563,33090,2250,27698,62,1011,0,665,null,#VALUE!,null,null,#VALUE!,null,null,#VALUE!,null,null,#VALUE!,null,null,#VALUE!,null,null,#VALUE!,null,48397,"Rockwall County, Texas"
22202,19129,14026,723,17978,2699,12845,215,368,0,3073,1942,843,1099,2007,913,1094,2384,1338,1046,3797,3031,766,4320,3329,991,7752,7420,332,48409,"San Patricio County, Texas"
77330,72904,46769,2164,67340,7115,55607,1826,1471,35,4426,6939,4328,2611,6207,3911,2296,9712,8025,1687,10325,9045,1280,14063,12960,1103,30084,27519,2565,48423,"Smith County, Texas"
722473,693257,571675,18132,663042,81192,486945,2597,19942,93,29216,32882,24001,8881,51410,39594,11816,95220,76645,18575,88080,78568,9512,134359,124845,9514,320522,313046,7476,48439,"Tarrant County, Texas"
49811,45743,36023,1780,42797,7302,27029,601,844,0,4068,2994,2325,669,4420,2892,1528,9755,7154,2601,8863,6733,2130,7637,6664,973,16142,15544,598,48441,"Taylor County, Texas"
43301,39763,30288,1000,37145,6842,22958,531,1437,0,3538,2578,1084,1494,5088,2777,2311,5420,3675,1745,7579,6973,606,7961,6857,1104,14675,13005,1670,48451,"Tom Green County, Texas"
486548,471154,419203,10219,451224,29303,343444,2942,12442,75,15394,26482,20768,5714,28717,21688,7029,47909,39027,8882,54902,48742,6160,81197,75902,5295,247341,240438,6903,48453,"Travis County, Texas"
31918,27337,19070,1092,25419,5681,16005,360,468,54,4581,2598,758,1840,4000,1594,2406,5782,3100,2682,3521,2150,1371,5009,4225,784,11008,10514,494,48469,"Victoria County, Texas"
22693,20669,17393,817,19699,3098,8574,0,557,0,2024,4081,3158,923,2773,2682,91,3882,3092,790,2845,1873,972,2786,2214,572,6326,5934,392,48471,"Walker County, Texas"
75300,64670,45483,1776,60611,13372,38510,1363,2299,0,10630,7664,2516,5148,9309,4328,4981,13019,9193,3826,10015,7474,2541,13511,11185,2326,21782,19522,2260,48479,"Webb County, Texas"
46757,42316,33475,1865,39411,5250,29129,493,1014,0,4441,4544,2545,1999,5561,3483,2078,7442,5516,1926,6635,5459,1176,7234,6572,662,15341,14924,417,48485,"Wichita County, Texas"
185345,180719,166229,4925,172852,7859,143659,695,6112,0,4626,4555,3563,992,6482,4628,1854,16388,14096,2292,17557,16418,1139,33917,31410,2507,106446,103479,2967,48491,"Williamson County, Texas"
22864,21496,17747,721,20322,2461,14863,266,378,0,1368,651,256,395,1013,514,499,2919,1557,1362,3049,2626,423,5101,4317,784,10131,9378,753,48497,"Wise County, Texas"
39224,37929,34167,1039,35681,2036,29237,218,1395,0,1295,2342,1759,583,2900,2168,732,6284,5335,949,4794,4014,780,8051,7397,654,14853,14379,474,49005,"Cache County, Utah"
104462,102241,93327,2924,97356,5203,81296,519,2477,0,2221,2527,1844,683,3746,2730,1016,9224,8268,956,11322,9704,1618,16882,15819,1063,60761,58917,1844,49011,"Davis County, Utah"
381831,367385,329542,11534,346894,23303,269560,1568,11331,46,14446,14763,11624,3139,19724,13056,6668,39359,32594,6765,45371,40518,4853,74337,67914,6423,188277,181628,6649,49035,"Salt Lake County, Utah"
20411,19426,17224,972,18039,1233,13047,99,349,0,985,698,275,423,1591,852,739,1868,1868,0,2575,2178,397,3868,3751,117,9811,9746,65,49045,"Tooele County, Utah"
171117,168065,158189,3187,161875,5233,137991,852,5678,51,3052,4837,3016,1821,8097,5434,2663,18616,15363,3253,20242,17369,2873,33105,30893,2212,86220,81838,4382,49049,"Utah County, Utah"
59863,57202,51546,3371,51173,2158,43115,638,2004,0,2661,2879,1968,911,4269,2737,1532,9628,8418,1210,9183,8317,866,12179,11347,832,21725,20680,1045,49053,"Washington County, Utah"
85615,81465,72054,2474,77140,4180,60950,491,2166,0,4150,4354,3424,930,4254,2994,1260,9592,7812,1780,10547,9264,1283,18029,16808,1221,38839,37326,1513,49057,"Weber County, Utah"
66095,62458,56920,4225,55615,2129,42113,854,1829,0,3637,3571,2395,1176,4926,3447,1479,6606,4794,1812,6677,5547,1130,11001,9826,1175,33314,30560,2754,50007,"Chittenden County, Vermont"
41956,39870,35639,2364,36047,2267,25734,440,4038,0,2086,1475,1193,282,3044,2394,650,5056,3331,1725,4344,3860,484,6000,5576,424,22037,20952,1085,51003,"Albemarle County, Virginia"
109940,104636,99733,2135,100459,1864,82459,397,12722,0,5304,3390,2688,702,4254,2228,2026,4647,3643,1004,6053,4642,1411,14355,12269,2086,77241,74934,2307,51013,"Arlington County, Virginia"
29783,26307,21291,1134,24155,2736,16562,292,144,0,3476,1356,338,1018,2505,1101,1404,3486,2093,1393,4896,4077,819,6098,5237,861,11442,10453,989,51015,"Augusta County, Virginia"
31271,28393,24289,1769,25563,2682,17963,203,946,0,2878,1123,555,568,2589,1633,956,4966,3688,1278,4053,3380,673,5792,5295,497,12748,11863,885,51019,"Bedford County, Virginia"
126748,120585,109136,4969,112426,6938,93569,589,2020,0,6163,3161,2194,967,5779,4004,1775,13071,10883,2188,13238,11848,1390,23961,22322,1639,67538,65363,2175,51041,"Chesterfield County, Virginia"
396628,386510,367359,11367,367215,10786,307334,1418,19589,0,10118,10352,8249,2103,11572,9437,2135,22848,19149,3699,25141,22907,2234,43545,40864,2681,283170,278702,4468,51059,"Fairfax County, Virginia"
25134,24030,22051,997,22382,1449,18989,137,574,0,1104,918,900,18,894,780,114,2001,1566,435,1536,1348,188,4510,4121,389,15275,14569,706,51061,"Fauquier County, Virginia"
31551,28700,26132,1821,25970,1499,19880,113,528,0,2851,359,310,49,1511,817,694,3504,2465,1039,3572,2912,660,5403,4763,640,17202,16192,1010,51069,"Frederick County, Virginia"
39929,37442,34459,1800,34512,2004,23920,88,673,0,2487,816,628,188,2182,1049,1133,3041,2600,441,3543,2720,823,7040,5790,1250,23307,22583,724,51085,"Hanover County, Virginia"
129408,120960,106228,5279,111339,9245,80019,1254,1732,30,8448,5470,4167,1303,8470,4988,3482,15179,11937,3242,18467,16128,2339,22310,20425,1885,59512,58490,1022,51087,"Henrico County, Virginia"
29849,28792,26858,1310,26173,1459,19942,0,483,0,1057,1405,510,895,1921,1122,799,2062,1400,662,2707,1960,747,5488,5178,310,16266,14551,1715,51095,"James City County, Virginia"
133417,130543,124881,2610,125486,3300,107822,792,5896,0,2874,1529,1203,326,2684,2117,567,6483,5728,755,7483,6571,912,13154,12300,854,102084,99714,2370,51107,"Loudoun County, Virginia"
34585,31920,26700,723,30090,2688,23170,189,267,0,2665,4369,3813,556,4174,2839,1335,4524,3375,1149,3388,3315,73,7200,6561,639,10930,10528,402,51121,"Montgomery County, Virginia"
143861,140592,129329,3778,133765,6168,114005,657,4463,42,3269,3224,2971,253,3873,3042,831,8343,7334,1009,11564,10641,923,19856,19192,664,97001,95359,1642,51153,"Prince William County, Virginia"
38061,34723,30140,1935,31184,2962,24219,287,1581,0,3338,863,514,349,2774,1672,1102,6219,4377,1842,4781,4177,604,5687,5504,183,17737,16035,1702,51161,"Roanoke County, Virginia"
31462,27907,23780,2259,24643,2890,16982,224,516,0,3555,2218,943,1275,1802,1314,488,3821,2393,1428,4748,3700,1048,7273,5854,1419,11600,10816,784,51165,"Rockingham County, Virginia"
45223,43649,38968,1847,39889,2159,33858,493,1379,0,1574,1648,1245,403,1843,1226,617,3559,2821,738,3419,2846,573,8178,7606,572,26576,25787,789,51177,"Spotsylvania County, Virginia"
48418,47386,43256,812,45347,1772,38302,152,952,0,1032,986,824,162,1180,977,203,2965,2590,375,3307,2577,730,6647,6443,204,33333,33008,325,51179,"Stafford County, Virginia"
24996,23411,22309,1058,21652,558,17848,28,346,0,1585,1165,614,551,1281,626,655,1634,1438,196,2866,2542,324,4529,4062,467,13521,12358,1163,51199,"York County, Virginia"
71740,67628,61873,1530,64906,2807,49203,391,2521,0,4112,2949,1762,1187,3468,2314,1154,4869,4147,722,5167,4596,571,9828,8894,934,45459,44419,1040,51510,"Alexandria city, Virginia"
86122,81630,72941,3649,75720,5172,61728,591,2735,0,4492,3787,2943,844,4719,3528,1191,7939,6022,1917,10063,8973,1090,13561,12879,682,46053,44547,1506,51550,"Chesapeake city, Virginia"
54800,49821,43760,2590,45295,3602,34084,760,1345,0,4979,4516,2479,2037,5087,3248,1839,6244,4095,2149,8395,6412,1983,12236,10313,1923,18322,16951,1371,51650,"Hampton city, Virginia"
28500,25520,20826,1502,23785,3759,15821,191,1193,0,2980,2143,1291,852,3167,2343,824,7193,5525,1668,3655,3020,635,4058,3847,211,8284,7718,566,51680,"Lynchburg city, Virginia"
71291,64875,53922,3938,58328,8031,37215,630,1857,74,6416,5673,2239,3434,6770,3256,3514,11374,6047,5327,11702,6150,5552,13848,9550,4298,21924,18861,3063,51700,"Newport News city, Virginia"
89338,82739,64156,3256,78112,11832,51800,660,1841,40,6599,8142,5446,2696,9786,6733,3053,14537,11847,2690,12536,10714,1822,18580,16628,1952,25757,24818,939,51710,"Norfolk city, Virginia"
34578,31268,22594,1380,29209,6249,17710,288,560,0,3310,4108,2480,1628,3105,1791,1314,5837,4855,982,4905,4314,591,6516,5659,857,10107,9673,434,51740,"Portsmouth city, Virginia"
91359,82121,66402,2697,76470,10993,51425,1172,1631,0,9238,9382,5394,3988,9684,5736,3948,15276,11181,4095,12398,9448,2950,14271,12131,2140,30348,28339,2009,51760,"Richmond city, Virginia"
41353,34696,26388,921,32566,6752,20575,269,1696,0,6657,3928,2457,1471,5251,2270,2981,8777,5447,3330,6246,4722,1524,5586,5425,161,11565,10382,1183,51770,"Roanoke city, Virginia"
34890,31615,26118,1485,29448,3711,22393,43,431,0,3275,1585,747,838,3152,1587,1565,3186,2129,1057,4143,3050,1093,5935,4740,1195,16889,16287,602,51800,"Suffolk city, Virginia"
172183,165042,147362,4382,155953,10061,124727,1396,4216,0,7141,5589,4201,1388,7384,5471,1913,16657,13984,2673,21006,18602,2404,32992,30381,2611,88555,85170,3385,51810,"Virginia Beach city, Virginia"
71921,67784,58161,2659,61844,5396,50221,466,1168,72,4137,2245,1670,575,4725,3627,1098,9629,6643,2986,9348,8321,1027,14240,12010,2230,31734,30236,1498,53005,"Benton County, Washington"
31587,29379,24564,1004,26887,3003,19045,338,289,0,2208,934,372,562,2203,1938,265,6034,3682,2352,4460,3733,727,7781,7030,751,10175,9667,508,53007,"Chelan County, Washington"
33265,29950,26830,3027,25338,1810,19121,368,285,0,3315,1905,1315,590,4243,2672,1571,4449,3675,774,3988,3747,241,6810,6570,240,11870,11527,343,53009,"Clallam County, Washington"
178980,170753,154176,7803,156596,9146,126421,705,4348,44,8227,6529,4576,1953,9357,6988,2369,18842,15316,3526,22230,20551,1679,33690,31544,2146,88332,86124,2208,53011,"Clark County, Washington"
43279,39444,32011,2378,35686,2997,27697,604,1258,0,3835,2694,1879,815,3438,2393,1045,6993,5162,1831,6070,5322,748,8377,7336,1041,15707,14616,1091,53015,"Cowlitz County, Washington"
27067,25754,19969,308,24918,3539,18658,0,373,0,1313,920,673,247,1881,1637,244,3604,2962,642,4171,3538,633,6221,6011,210,10270,9725,545,53021,"Franklin County, Washington"
30806,28090,21115,1495,25580,3968,18764,242,505,0,2716,2074,918,1156,2648,1690,958,4789,4058,731,5255,4694,561,4839,4583,256,11201,10761,440,53025,"Grant County, Washington"
27674,25017,19973,2074,21358,3818,14771,368,566,0,2657,2333,1594,739,3370,2189,1181,4716,3638,1078,3760,3346,414,6282,5639,643,7213,6822,391,53027,"Grays Harbor County, Washington"
34572,32839,30601,1679,29926,1214,24502,104,865,0,1733,1798,1545,253,1959,1634,325,3724,3115,609,4723,4349,374,7599,6750,849,14769,14385,384,53029,"Island County, Washington"
897476,861049,788706,27210,817680,38910,637101,4342,29629,142,36427,38288,27580,10708,43095,30199,12896,71149,59559,11590,78165,67781,10384,128023,118640,9383,538756,526801,11955,53033,"King County, Washington"
105411,100844,92899,4382,92720,4601,74603,859,2097,0,4567,4857,3700,1157,6105,4904,1201,10062,7934,2128,12314,11294,1020,17667,16871,796,54406,53444,962,53035,"Kitsap County, Washington"
30327,27838,23890,2073,24667,2380,18917,55,359,0,2489,1547,1147,400,2318,1795,523,4605,3535,1070,4765,3953,812,5044,4598,446,12048,11287,761,53041,"Lewis County, Washington"
25864,24049,20518,1520,20405,1860,16050,579,346,0,1815,1451,1022,429,2467,1668,799,4198,3696,502,2904,2664,240,5351,5038,313,9493,8888,605,53045,"Mason County, Washington"
328519,312005,272101,12092,290850,22933,225343,2188,11616,47,16514,12812,8364,4448,16828,10846,5982,33284,27032,6252,40216,34678,5538,60053,53673,6380,165326,158692,6634,53053,"Pierce County, Washington"
48474,45616,40274,3018,40891,2434,32377,276,1617,0,2858,2541,1916,625,2689,1873,816,5335,4455,880,6441,5610,831,7958,7768,190,23510,22234,1276,53057,"Skagit County, Washington"
300215,290008,259639,11189,271487,16668,215212,1715,5883,0,10207,9520,7353,2167,13797,9274,4523,25991,21396,4595,28624,26582,2042,50768,47069,3699,171515,167253,4262,53061,"Snohomish County, Washington"
206191,192835,168572,8808,176624,11559,134687,2219,4273,45,13356,12571,9176,3395,18732,14474,4258,29694,24276,5418,28027,25436,2591,40285,37053,3232,76882,74427,2455,53063,"Spokane County, Washington"
110713,103987,93930,5127,94646,5146,76704,1115,2688,105,6726,3892,2936,956,7192,5373,1819,10648,8124,2524,14680,12607,2073,20493,18319,2174,53808,51284,2524,53067,"Thurston County, Washington"
87080,81642,73180,4502,74069,4376,57624,867,1571,0,5438,5327,3771,1556,6772,4910,1862,12055,9709,2346,10248,8378,1870,18379,16749,1630,34299,32286,2013,53073,"Whatcom County, Washington"
83320,75971,54422,3487,69210,13164,45333,1024,1514,136,7349,5649,3391,2258,8736,5565,3171,11951,9869,2082,13443,11266,2177,16882,15038,1844,26659,24846,1813,53077,"Yakima County, Washington"
45800,41923,34796,1790,38237,3801,28558,597,846,0,3877,1987,1494,493,2921,2375,546,6645,4998,1647,6252,4691,1561,11134,9391,1743,16861,15805,1056,54003,"Berkeley County, West Virginia"
38024,33876,22688,2129,30479,6759,21047,433,840,0,4148,4739,3061,1678,4778,2573,2205,7875,6064,1811,5992,5146,846,6431,5600,831,8209,7890,319,54011,"Cabell County, West Virginia"
26878,23580,17962,1501,21123,4280,14050,433,636,0,3298,2545,1413,1132,3153,1601,1552,4862,3501,1361,3523,2680,843,4922,4438,484,7873,7473,400,54033,"Harrison County, West Virginia"
78482,69409,47743,4210,62274,13023,43767,830,2330,0,9073,5726,4398,1328,11029,5790,5239,16432,12097,4335,12462,10791,1671,12701,11074,1627,20132,19343,789,54039,"Kanawha County, West Virginia"
40603,38391,33641,1666,35329,1959,27828,333,742,0,2212,4624,3452,1172,3921,2833,1088,5806,5001,805,5612,5135,477,6702,6242,460,13938,13828,110,54061,"Monongalia County, West Virginia"
31169,25671,19381,1813,21901,3582,16028,733,358,56,5498,3566,2289,1277,5799,2909,2890,4836,3295,1541,4085,3203,882,4891,4315,576,7992,7358,634,54081,"Raleigh County, West Virginia"
36064,31406,24791,1524,27650,3198,20416,458,339,0,4658,2572,1350,1222,5251,3336,1915,7076,4919,2157,5327,4795,532,5422,4731,691,10416,9729,687,54107,"Wood County, West Virginia"
104470,95538,81613,5635,85302,7137,69893,1267,3323,75,8932,4092,2885,1207,8295,5502,2793,15171,11642,3529,13183,10674,2509,21815,19118,2697,41914,40288,1626,55009,"Brown County, Wisconsin"
226350,215750,197655,10102,198661,9249,152982,2394,4825,237,10600,10297,7819,2478,10657,7794,2863,25746,20287,5459,29625,25005,4620,42221,38655,3566,107804,103690,4114,55025,"Dane County, Wisconsin"
35221,31602,26427,1800,28396,3092,21209,257,796,0,3619,1558,887,671,2750,1433,1317,4802,3907,895,5258,4444,814,6273,5571,702,14580,14010,570,55027,"Dodge County, Wisconsin"
40421,37594,33773,2171,33222,2021,26866,718,863,0,2827,2491,1654,837,2935,2288,647,6031,4870,1161,4680,4176,504,8760,8216,544,15524,14822,702,55035,"Eau Claire County, Wisconsin"
41009,35818,31417,2666,31885,2321,24906,441,599,10,5191,2064,1320,744,3710,2376,1334,5868,3905,1963,5834,4918,916,8956,7542,1414,14577,13857,720,55039,"Fond du Lac County, Wisconsin"
33180,30745,26821,1728,27523,2884,19661,270,617,0,2435,1087,706,381,2234,1779,455,4739,2898,1841,4058,3333,725,7140,6537,603,13922,13286,636,55055,"Jefferson County, Wisconsin"
62950,58007,48291,2458,53952,5971,38885,766,1222,0,4943,2838,1871,967,4951,3735,1216,8661,6678,1983,8419,7318,1101,11188,10139,1049,26893,25826,1067,55059,"Kenosha County, Wisconsin"
47924,43985,38929,2721,38912,2732,30899,497,808,0,3939,2078,1238,840,3419,1998,1421,7924,6252,1672,6892,5632,1260,8616,7805,811,18995,18417,578,55063,"La Crosse County, Wisconsin"
35259,31284,26639,2714,27029,3081,19322,494,349,0,3975,1441,1087,354,3417,1592,1825,6005,4308,1697,5715,4829,886,7324,6981,343,11357,10963,394,55071,"Manitowoc County, Wisconsin"
56245,50454,43882,3448,44664,3209,35600,568,1060,0,5791,1631,1018,613,4609,2509,2100,7871,5336,2535,7474,6338,1136,12133,10904,1229,22527,21425,1102,55073,"Marathon County, Wisconsin"
384281,335706,271393,16975,306367,41106,218254,4408,10876,105,48575,32798,19309,13489,42071,25226,16845,62942,43311,19631,55570,45314,10256,69459,59747,9712,121441,114857,6584,55079,"Milwaukee County, Wisconsin"
74603,69102,59567,3505,61994,4921,48974,1369,2179,48,5501,2323,1686,637,5938,3652,2286,9964,7654,2310,9477,7970,1507,14734,13540,1194,32167,31155,1012,55087,"Outagamie County, Wisconsin"
36261,33801,31788,2017,30145,827,25966,165,1450,0,2460,916,673,243,2807,1847,960,3572,2366,1206,3837,3508,329,5474,4916,558,19655,19151,504,55089,"Ozaukee County, Wisconsin"
29193,26564,22325,1892,23409,2522,17802,409,562,0,2629,1688,1420,268,3079,2077,1002,3483,2770,713,4338,3831,507,5828,4875,953,10777,10418,359,55097,"Portage County, Wisconsin"
76808,70954,59461,4012,63993,6147,49336,863,1959,69,5854,5424,3892,1532,6160,3513,2647,12189,10096,2093,8521,7715,806,13792,12175,1617,30722,29735,987,55101,"Racine County, Wisconsin"
64632,58315,48926,3408,52166,5899,39223,858,741,84,6317,2258,1362,896,6432,3900,2532,9002,6994,2008,10609,9000,1609,13445,12143,1302,22886,21678,1208,55105,"Rock County, Wisconsin"
34422,31835,27611,1628,28975,1934,23801,564,1049,0,2587,847,552,295,1693,1350,343,3125,1866,1259,4248,3236,1012,5667,5328,339,18842,17985,857,55109,"St. Croix County, Wisconsin"
46308,41881,36315,2497,36982,2564,28178,439,845,0,4427,1527,967,560,3975,2523,1452,6494,4591,1903,6453,5500,953,9879,9211,668,17980,17362,618,55117,"Sheboygan County, Wisconsin"
40864,37644,33142,2005,34489,2421,26214,302,468,0,3220,1906,1165,741,3214,1971,1243,5075,4098,977,5590,5274,316,8170,7158,1012,16909,15785,1124,55127,"Walworth County, Wisconsin"
55488,51865,47356,3352,46217,2019,36953,538,930,0,3623,1441,857,584,2471,1153,1318,6113,4651,1462,8058,6784,1274,10146,9462,684,27259,26641,618,55131,"Washington County, Wisconsin"
158368,149379,137302,8903,135721,6099,113056,1286,4281,0,8989,4445,2832,1613,8165,5788,2377,16119,12567,3552,15906,13912,1994,23979,22331,1648,89754,88489,1265,55133,"Waukesha County, Wisconsin"
71332,65375,54610,3827,58940,4462,44496,957,1217,0,5957,3943,2818,1125,5068,3341,1727,12341,9628,2713,9778,7406,2372,14691,13618,1073,25511,24676,835,55139,"Winnebago County, Wisconsin"
32274,28624,24435,2322,23684,2486,19992,753,945,0,3650,1452,672,780,3302,2190,1112,4532,3569,963,5249,4386,863,7244,6407,837,10495,9881,614,55141,"Wood County, Wisconsin"
39678,36384,32331,1363,33408,1873,26132,140,654,0,3294,1557,1100,457,3514,2490,1024,5855,4590,1265,4365,3927,438,7547,6858,689,16840,16139,701,56021,"Laramie County, Wyoming"
32240,30362,25787,2136,27116,2735,20832,193,658,0,1878,1645,1195,450,1977,1402,575,4475,3183,1292,4070,3392,678,6533,5632,901,13540,12539,1001,56025,"Natrona County, Wyoming"
30206,21164,12074,719,19304,7347,9198,695,66,0,9042,9480,4758,4722,6699,3656,3043,6290,4528,1762,4067,3639,428,2387,2066,321,1283,1283,0,72013,"Arecibo Municipio, Puerto Rico"
64932,56009,33470,2135,51987,16290,26483,793,573,0,8923,14265,9185,5080,12575,8136,4439,13068,10413,2655,9356,8639,717,9573,9038,535,6095,5921,174,72021,"Bayamón Municipio, Puerto Rico"
47374,37853,24203,1742,34728,9284,20970,347,753,0,9521,10063,5748,4315,8635,5205,3430,10238,8184,2054,6854,6102,752,5743,5366,377,5841,5739,102,72025,"Caguas Municipio, Puerto Rico"
61313,50048,30570,2189,46547,14929,22902,655,100,0,11265,13053,7460,5593,12732,8654,4078,13776,10960,2816,8930,7599,1331,6698,5924,774,6124,5959,165,72031,"Carolina Municipio, Puerto Rico"
27857,23102,15239,535,21995,5064,13874,358,597,0,4755,4075,2124,1951,4602,2583,2019,4872,3180,1692,3765,2854,911,4218,3888,330,6325,6244,81,72061,"Guaynabo Municipio, Puerto Rico"
30909,24805,12988,865,22856,8903,11678,386,0,0,6104,13414,8453,4961,6860,4442,2418,4886,4092,794,2546,1885,661,1443,1226,217,1760,1652,108,72097,"Mayagüez Municipio, Puerto Rico"
53450,36068,25939,4203,30774,7922,11988,593,625,0,17382,15218,8408,6810,13618,8677,4941,11773,8540,3233,5813,4493,1320,3419,3136,283,3609,3275,334,72113,"Ponce Municipio, Puerto Rico"
147267,91339,61138,6683,81283,21953,43668,1191,4211,0,55928,41164,11648,29516,26745,10544,16201,25099,13432,11667,18715,13037,5678,15303,11563,3740,20241,18766,1475,72127,"San Juan Municipio, Puerto Rico"
21511,18109,9721,380,17579,7816,5182,39,0,0,3402,4764,1073,3691,4110,876,3234,4367,778,3589,2294,1104,1190,3598,2225,1373,2378,1814,564,72135,"Toa Alta Municipio, Puerto Rico"
26085,22944,12758,383,22146,9052,8807,105,158,0,3141,6008,1433,4575,4291,1291,3000,5815,2481,3334,4360,2365,1995,3091,1984,1107,2520,1959,561,72137,"Toa Baja Municipio, Puerto Rico"
23195,19110,12273,581,18130,5473,9619,185,74,0,4085,3431,1802,1629,4486,2927,1559,4911,3647,1264,3154,2845,309,3749,3498,251,3464,3394,70,72139,"Trujillo Alto Municipio, Puerto Rico"
